0.000000,0.000000,0.000000
-0.009808,0.037758,-3.083364
-0.010522,0.037748,-3.083786
-0.011178,0.037869,-3.084066
-0.011765,0.038395,-3.084214
-0.011911,0.039679,-3.084355
-0.011779,0.040776,-3.084495
-0.011888,0.041962,-3.084655
-0.012145,0.042866,-3.084810
-0.012278,0.043429,-3.085070
-0.012302,0.043375,-3.085274
-0.012397,0.043223,-3.085294
-0.012405,0.042744,-3.085788
-0.012718,0.043136,-3.085861
-0.012901,0.042000,-3.085977
-0.012832,0.044021,-3.086403
-0.012437,0.043302,-3.086217
-0.012806,0.046870,-3.086335
-0.012916,0.056760,-3.086671
-0.011117,0.062061,-3.087465
-0.009997,0.072077,-3.088300
-0.011884,0.083860,-3.086781
-0.011422,0.100376,-3.085740
-0.011021,0.108684,-3.086941
-0.011811,0.117172,-3.087742
-0.011857,0.119843,-3.088803
-0.012063,0.120414,-3.088443
-0.011288,0.110768,-3.088331
-0.011842,0.095791,-3.087754
-0.011885,0.076595,-3.087642
-0.011232,0.058009,-3.088056
-0.010852,0.028269,-3.088037
-0.011811,-0.001546,-3.088261
-0.011791,-0.028895,-3.088693
-0.010775,-0.051105,-3.088787
-0.010264,-0.060285,-3.088090
-0.011038,-0.056641,-3.088714
-0.012814,-0.036906,-3.089428
-0.013076,-0.003180,-3.089563
-0.011886,0.032767,-3.090520
-0.012532,0.075027,-3.090779
-0.013543,0.114087,-3.092113
-0.014088,0.138581,-3.093493
-0.015551,0.149640,-3.093131
-0.014340,0.142201,-3.095679
-0.014246,0.129152,-3.096255
-0.013343,0.108638,-3.094890
-0.013061,0.087033,-3.094457
-0.011451,0.067887,-3.095096
-0.010501,0.065297,-3.095145
-0.011221,0.070122,-3.095555
-0.011626,0.089686,-3.095798
-0.012293,0.118096,-3.096183
-0.013824,0.150378,-3.096125
-0.015085,0.184147,-3.096789
-0.015645,0.216448,-3.097612
-0.015463,0.240048,-3.097265
-0.015482,0.251205,-3.097254
-0.015337,0.249494,-3.097764
-0.014934,0.239931,-3.097471
-0.013875,0.219534,-3.096979
-0.013980,0.192034,-3.096762
-0.013674,0.162739,-3.096089
-0.012083,0.136699,-3.096026
-0.011153,0.114999,-3.095345
-0.011749,0.102210,-3.094992
-0.011563,0.100565,-3.095927
-0.012714,0.107407,-3.094885
-0.011892,0.122206,-3.095290
-0.012585,0.141441,-3.095446
-0.012108,0.161916,-3.095243
-0.011820,0.182704,-3.095382
-0.011806,0.202772,-3.095698
-0.010704,0.215359,-3.096465
-0.010155,0.222869,-3.095964
-0.008251,0.223746,-3.095906
-0.008002,0.218009,-3.094941
-0.007862,0.206798,-3.094265
-0.008557,0.189036,-3.093691
-0.009156,0.166818,-3.093811
-0.007951,0.141415,-3.093753
-0.007407,0.114445,-3.093906
-0.007436,0.092112,-3.092930
-0.007113,0.075982,-3.092584
-0.008208,0.072556,-3.092463
-0.008730,0.079216,-3.092394
-0.008514,0.096553,-3.093187
-0.008853,0.118771,-3.092891
-0.007699,0.143450,-3.092832
-0.007373,0.161544,-3.092941
-0.007650,0.171060,-3.092389
-0.006560,0.168157,-3.092426
-0.006766,0.155195,-3.091425
-0.006399,0.132614,-3.091491
-0.005426,0.106261,-3.091586
-0.005396,0.079427,-3.091314
-0.005720,0.057163,-3.091689
-0.006020,0.039819,-3.091437
-0.006237,0.032808,-3.090863
-0.006026,0.033894,-3.090737
-0.006283,0.043686,-3.090127
-0.005656,0.059298,-3.090473
-0.006067,0.079120,-3.090361
-0.005935,0.100875,-3.090701
-0.005697,0.117893,-3.091262
-0.005550,0.128836,-3.091320
-0.005106,0.134701,-3.091763
-0.005479,0.134728,-3.091405
-0.005050,0.128379,-3.090382
-0.005056,0.118022,-3.089957
-0.004460,0.106962,-3.091038
-0.004821,0.093802,-3.090404
-0.003427,0.079314,-3.090144
-0.003340,0.066774,-3.090170
-0.004478,0.054872,-3.090222
-0.004324,0.048764,-3.089820
-0.003531,0.044079,-3.089468
-0.003927,0.045223,-3.089826
-0.004647,0.050123,-3.089889
-0.004398,0.057293,-3.089760
-0.004668,0.065052,-3.089616
-0.005148,0.074085,-3.089785
-0.005515,0.078228,-3.090037
-0.005399,0.080298,-3.090020
-0.005159,0.077043,-3.090678
-0.004753,0.070936,-3.091049
-0.004735,0.062121,-3.090535
-0.004672,0.056841,-3.089869
-0.004785,0.055809,-3.089746
-0.004010,0.060527,-3.089623
-0.004209,0.072320,-3.090152
-0.004769,0.089559,-3.090315
-0.004433,0.111382,-3.090162
-0.004302,0.136849,-3.090214
-0.004365,0.159110,-3.090337
-0.005168,0.173942,-3.090062
-0.005208,0.181287,-3.090095
-0.005930,0.179365,-3.090089
-0.005421,0.167548,-3.090005
-0.006347,0.151594,-3.089027
-0.004472,0.131170,-3.089144
-0.004480,0.108471,-3.089042
-0.004309,0.087972,-3.089315
-0.004118,0.071316,-3.088733
-0.004410,0.060945,-3.088469
-0.003839,0.055294,-3.088559
-0.003737,0.057076,-3.088355
-0.003418,0.064485,-3.088003
-0.003578,0.079182,-3.087643
-0.003452,0.097134,-3.087489
-0.003251,0.117290,-3.087592
-0.003622,0.136250,-3.086888
-0.003601,0.146695,-3.088001
-0.003066,0.145729,-3.088858
-0.003448,0.140041,-3.087630
-0.003855,0.122349,-3.087212
-0.004178,0.098174,-3.087460
-0.003514,0.071530,-3.087830
-0.004247,0.044128,-3.087730
-0.004883,0.016499,-3.087269
-0.004225,-0.007125,-3.086860
-0.004249,-0.026427,-3.086758
-0.005022,-0.034085,-3.086916
-0.005469,-0.035469,-3.086712
-0.004204,-0.030073,-3.086227
-0.003095,-0.015706,-3.086854
-0.003489,0.002246,-3.087080
-0.004747,0.019298,-3.086456
-0.004318,0.040839,-3.086666
-0.003372,0.063101,-3.086965
-0.003234,0.085939,-3.086733
-0.003705,0.107775,-3.086589
-0.004024,0.124075,-3.087029
-0.005787,0.127010,-3.087300
-0.005048,0.123611,-3.087873
-0.004177,0.109568,-3.087211
-0.005430,0.090755,-3.085889
-0.005308,0.065459,-3.086133
-0.005511,0.045127,-3.085663
-0.005513,0.026319,-3.086107
-0.006517,0.008589,-3.086480
-0.006924,-0.006252,-3.086173
-0.007699,-0.018862,-3.085587
-0.007181,-0.028622,-3.085796
-0.007748,-0.037028,-3.085876
-0.008319,-0.044342,-3.086049
-0.009295,-0.050843,-3.085855
-0.009630,-0.058034,-3.086201
-0.010184,-0.066634,-3.086170
-0.010957,-0.076966,-3.086012
-0.011546,-0.088459,-3.085776
-0.012099,-0.100928,-3.085313
-0.012317,-0.113169,-3.085016
-0.012173,-0.125268,-3.084958
-0.012838,-0.134588,-3.084976
-0.013829,-0.142479,-3.084955
-0.013940,-0.148302,-3.085192
-0.013179,-0.151042,-3.085340
-0.013183,-0.150902,-3.085019
-0.013289,-0.146888,-3.084878
-0.013964,-0.140453,-3.084749
-0.014469,-0.130199,-3.084428
-0.013726,-0.116374,-3.084252
-0.012296,-0.099269,-3.084323
-0.011622,-0.077772,-3.084773
-0.011750,-0.055381,-3.085186
-0.011538,-0.031351,-3.085738
-0.010738,-0.007960,-3.085880
-0.009828,0.015283,-3.085968
-0.009441,0.038468,-3.086122
-0.009681,0.061076,-3.086274
-0.009601,0.083061,-3.086473
-0.009375,0.103687,-3.086530
-0.008957,0.124148,-3.086554
-0.008464,0.143188,-3.086518
-0.008432,0.160839,-3.086581
-0.008872,0.177503,-3.086910
-0.009404,0.192249,-3.087215
-0.010199,0.206607,-3.087773
-0.011312,0.217517,-3.088841
-0.012448,0.226480,-3.089006
-0.011908,0.230700,-3.088557
-0.012555,0.231589,-3.087394
-0.012194,0.227069,-3.087100
-0.013814,0.216136,-3.087905
-0.013385,0.197402,-3.088305
-0.013565,0.177541,-3.088034
-0.013613,0.151262,-3.087186
-0.013639,0.126669,-3.085708
-0.014803,0.099031,-3.085837
-0.015215,0.077038,-3.085720
-0.015180,0.059860,-3.085374
-0.015833,0.047413,-3.085288
-0.016457,0.038148,-3.085122
-0.017121,0.032018,-3.085038
-0.017522,0.030979,-3.085088
-0.017237,0.033673,-3.085050
-0.017980,0.043353,-3.084866
-0.017385,0.056315,-3.085490
-0.018221,0.075446,-3.085650
-0.017529,0.096936,-3.086228
-0.017450,0.121050,-3.086663
-0.016460,0.143167,-3.087162
-0.015620,0.158976,-3.087254
-0.016171,0.166434,-3.087508
-0.017054,0.164396,-3.087638
-0.017567,0.154027,-3.085938
-0.016335,0.135401,-3.086000
-0.017574,0.111850,-3.085756
-0.016604,0.082827,-3.085848
-0.015929,0.055888,-3.086006
-0.016687,0.027945,-3.085655
-0.017735,0.004340,-3.085348
-0.018509,-0.015961,-3.084475
-0.018799,-0.026324,-3.084052
-0.019507,-0.027722,-3.083730
-0.019462,-0.021833,-3.083844
-0.020978,-0.005052,-3.083870
-0.021819,0.018656,-3.084269
-0.022267,0.045201,-3.085153
-0.022555,0.074475,-3.085784
-0.021592,0.104218,-3.086488
-0.021257,0.134108,-3.087390
-0.021158,0.160883,-3.088021
-0.021170,0.186376,-3.088250
-0.021144,0.208945,-3.088072
-0.021926,0.223961,-3.088560
-0.021882,0.233593,-3.089142
-0.020833,0.238431,-3.088996
-0.019268,0.235006,-3.088814
-0.020519,0.224052,-3.088774
-0.019871,0.203261,-3.088060
-0.021370,0.178729,-3.087283
-0.021922,0.147544,-3.086376
-0.022145,0.112193,-3.085805
-0.022436,0.077134,-3.085793
-0.022168,0.044369,-3.085460
-0.021697,0.013216,-3.084891
-0.021071,-0.009929,-3.083763
-0.019733,-0.023820,-3.083392
-0.020857,-0.027923,-3.083413
-0.020897,-0.020287,-3.083771
-0.021004,-0.001825,-3.083518
-0.021020,0.024074,-3.084605
-0.022391,0.054273,-3.084394
-0.022590,0.087279,-3.085097
-0.023068,0.120904,-3.085677
-0.023416,0.151461,-3.086615
-0.025263,0.175529,-3.088047
-0.024755,0.190367,-3.088391
-0.025063,0.197551,-3.087617
-0.025327,0.193415,-3.088444
-0.025753,0.184403,-3.087437
-0.023365,0.167016,-3.087713
-0.025877,0.147395,-3.087191
-0.026261,0.122602,-3.086344
-0.027417,0.101748,-3.085837
-0.027947,0.077065,-3.085234
-0.027735,0.057146,-3.084562
-0.028482,0.035108,-3.083872
-0.029051,0.018559,-3.083516
-0.028780,0.004859,-3.083703
-0.029135,-0.003117,-3.083762
-0.029122,-0.008736,-3.083850
-0.029083,-0.009405,-3.083935
-0.029057,-0.008716,-3.084405
-0.029159,-0.006050,-3.084521
-0.029517,-0.003460,-3.084224
-0.029530,0.000687,-3.084192
-0.029335,0.005561,-3.084307
-0.029262,0.013469,-3.084570
-0.029241,0.022860,-3.084742
-0.029716,0.035578,-3.084851
-0.030168,0.051395,-3.085150
-0.030575,0.069696,-3.085510
-0.030383,0.090500,-3.085743
-0.029995,0.112568,-3.085960
-0.029647,0.135444,-3.086379
-0.029952,0.156559,-3.086981
-0.029333,0.173904,-3.088068
-0.030203,0.188256,-3.088287
-0.030138,0.201149,-3.088908
-0.029655,0.210863,-3.087993
-0.028559,0.215676,-3.087761
-0.030005,0.217723,-3.088334
-0.030598,0.213943,-3.088644
-0.030631,0.206843,-3.088110
-0.031597,0.193284,-3.087992
-0.031504,0.178399,-3.087490
-0.031130,0.160778,-3.086824
-0.030968,0.141817,-3.086832
-0.031817,0.124408,-3.086822
-0.031522,0.107322,-3.086509
-0.031936,0.090142,-3.085224
-0.033063,0.074671,-3.084299
-0.034222,0.055523,-3.083807
-0.034769,0.039786,-3.083332
-0.034399,0.024001,-3.083145
-0.034406,0.012055,-3.082548
-0.034613,0.003436,-3.082295
-0.034946,-0.002714,-3.082402
-0.035330,-0.005065,-3.082430
-0.035316,-0.006631,-3.082573
-0.035686,-0.004640,-3.082697
-0.035873,-0.001956,-3.083032
-0.036562,0.005403,-3.083304
-0.037019,0.014545,-3.083669
-0.037221,0.027055,-3.083953
-0.037156,0.042845,-3.084542
-0.036933,0.062404,-3.085379
-0.036793,0.086017,-3.086243
-0.037255,0.114689,-3.086898
-0.037500,0.146092,-3.087804
-0.037750,0.176872,-3.088582
-0.037995,0.203892,-3.089123
-0.037454,0.223209,-3.090038
-0.037832,0.237201,-3.090725
-0.037840,0.240769,-3.090280
-0.039129,0.237597,-3.088498
-0.038302,0.225862,-3.088769
-0.038647,0.211878,-3.089088
-0.036977,0.190327,-3.088763
-0.035853,0.169668,-3.087986
-0.036029,0.146849,-3.086918
-0.036113,0.126416,-3.085593
-0.037798,0.105135,-3.085737
-0.038656,0.088973,-3.085129
-0.038282,0.071104,-3.084826
-0.039204,0.055770,-3.084424
-0.039941,0.039377,-3.083890
-0.041035,0.023860,-3.083153
-0.041969,0.008635,-3.082472
-0.041815,-0.007329,-3.082150
-0.041017,-0.022371,-3.082240
-0.040045,-0.034271,-3.082656
-0.038986,-0.043469,-3.082893
-0.038656,-0.048872,-3.082603
-0.038887,-0.050987,-3.082061
-0.039385,-0.050269,-3.081513
-0.039325,-0.048373,-3.081545
-0.038993,-0.045854,-3.082087
-0.038024,-0.041941,-3.082608
-0.036759,-0.038605,-3.082847
-0.036248,-0.033807,-3.082716
-0.036537,-0.028002,-3.082743
-0.037095,-0.019255,-3.082807
-0.036728,-0.007850,-3.083190
-0.036300,0.007870,-3.083591
-0.035518,0.030117,-3.083880
-0.034258,0.056913,-3.085035
-0.034576,0.087284,-3.085800
-0.034905,0.117684,-3.086601
-0.035659,0.143177,-3.086325
-0.037821,0.162393,-3.086838
-0.037183,0.169388,-3.088867
-0.036790,0.174395,-3.087996
-0.034044,0.166334,-3.086831
-0.035210,0.156603,-3.086300
-0.034343,0.138970,-3.087768
-0.035634,0.124463,-3.086450
-0.034618,0.105207,-3.085914
-0.035370,0.091981,-3.085681
-0.035333,0.080869,-3.085005
-0.035890,0.077744,-3.084168
-0.036291,0.080904,-3.084682
-0.035960,0.091281,-3.085882
-0.036091,0.107777,-3.086476
-0.036259,0.130820,-3.086999
-0.036907,0.155545,-3.087816
-0.038836,0.179408,-3.088396
-0.040372,0.194776,-3.087804
-0.040652,0.197865,-3.088938
-0.040853,0.193395,-3.087724
-0.039604,0.177727,-3.085924
-0.037210,0.156732,-3.086693
-0.036880,0.130792,-3.086886
-0.038735,0.103983,-3.085783
-0.037755,0.074358,-3.084947
-0.037552,0.049033,-3.084126
-0.036848,0.026184,-3.083960
-0.036138,0.008988,-3.083639
-0.035788,-0.000746,-3.083838
-0.035706,-0.003223,-3.083235
-0.035845,0.003139,-3.082613
-0.035884,0.015025,-3.082903
-0.035245,0.032738,-3.083654
-0.035096,0.055125,-3.083856
-0.035356,0.078420,-3.084589
-0.036794,0.095716,-3.084854
-0.038591,0.112120,-3.085180
-0.038092,0.125381,-3.086534
-0.038306,0.135254,-3.086362
-0.038358,0.139738,-3.085502
-0.037425,0.137662,-3.085667
-0.039253,0.130533,-3.086280
-0.039811,0.116756,-3.086116
-0.039456,0.103240,-3.084751
-0.038647,0.085519,-3.084018
-0.038111,0.068797,-3.083615
-0.038545,0.050737,-3.083172
-0.039943,0.036629,-3.082908
-0.041181,0.022144,-3.082627
-0.043333,0.008960,-3.082069
-0.044497,-0.003923,-3.082048
-0.045119,-0.016279,-3.081280
-0.045265,-0.028009,-3.081211
-0.046061,-0.039653,-3.080518
-0.045719,-0.049784,-3.080617
-0.045682,-0.059809,-3.080488
-0.045472,-0.067618,-3.080305
-0.045173,-0.074275,-3.079924
-0.045108,-0.077614,-3.079743
-0.044959,-0.078444,-3.080081
-0.045373,-0.077302,-3.080207
-0.045603,-0.073232,-3.080312
-0.044969,-0.065066,-3.081001
-0.044650,-0.052304,-3.082269
-0.044784,-0.033172,-3.083614
-0.044959,-0.008109,-3.083911
-0.044221,0.022474,-3.084523
-0.045137,0.055507,-3.085837
-0.045348,0.086417,-3.086931
-0.046107,0.114445,-3.087694
-0.046034,0.138001,-3.087613
-0.044508,0.156361,-3.087048
-0.043357,0.171073,-3.086793
-0.043262,0.179997,-3.087869
-0.043645,0.182153,-3.088797
-0.044210,0.181370,-3.088957
-0.041958,0.172114,-3.087955
-0.042327,0.159495,-3.086906
-0.042945,0.137682,-3.086660
-0.044202,0.121052,-3.086007
-0.043972,0.099640,-3.086122
-0.044222,0.077541,-3.084898
-0.044409,0.056006,-3.084198
-0.044287,0.038831,-3.083680
-0.044373,0.027361,-3.083463
-0.044936,0.025196,-3.083444
-0.044983,0.028712,-3.083630
-0.044266,0.038897,-3.083986
-0.044717,0.056306,-3.084836
-0.045366,0.079066,-3.086005
-0.046307,0.101126,-3.086332
-0.046884,0.124994,-3.087205
-0.047106,0.147928,-3.087838
-0.046984,0.171043,-3.088505
-0.046149,0.190043,-3.089290
-0.045833,0.208765,-3.090128
-0.046262,0.223057,-3.091254
-0.046918,0.235053,-3.090568
-0.046739,0.240846,-3.090281
-0.046376,0.244148,-3.090153
-0.046241,0.241590,-3.089471
-0.046096,0.233610,-3.089844
-0.045973,0.221442,-3.090663
-0.044310,0.201558,-3.089075
-0.045493,0.181654,-3.088895
-0.047057,0.152464,-3.087393
-0.048414,0.127979,-3.086433
-0.048076,0.105116,-3.086251
-0.048498,0.082862,-3.084716
-0.048564,0.059502,-3.083910
-0.048429,0.038426,-3.083693
-0.048500,0.019389,-3.083736
-0.048137,0.002674,-3.083924
-0.047625,-0.008620,-3.083533
-0.047412,-0.015827,-3.083090
-0.047718,-0.017179,-3.082680
-0.047507,-0.015850,-3.082709
-0.047522,-0.010864,-3.082802
-0.047008,-0.003067,-3.083040
-0.046474,0.009175,-3.083271
-0.045313,0.026001,-3.083787
-0.044657,0.046727,-3.083906
-0.044670,0.068458,-3.084333
-0.044832,0.088973,-3.084551
-0.045274,0.105523,-3.085110
-0.045133,0.115587,-3.086655
-0.043246,0.120410,-3.086983
-0.042734,0.119625,-3.087072
-0.042263,0.114904,-3.086404
-0.042298,0.107347,-3.085121
-0.043199,0.099269,-3.085146
-0.044335,0.088462,-3.084758
-0.045428,0.077658,-3.085359
-0.045206,0.065112,-3.085082
-0.044889,0.049563,-3.084108
-0.044948,0.033412,-3.083262
-0.045832,0.015125,-3.082459
-0.046298,-0.002377,-3.082358
-0.046095,-0.020017,-3.082040
-0.045847,-0.034139,-3.081994
-0.045555,-0.047045,-3.082136
-0.045964,-0.057474,-3.082205
-0.046444,-0.066254,-3.081691
-0.046348,-0.073485,-3.081266
-0.046411,-0.077434,-3.080790
-0.046647,-0.077079,-3.080420
-0.046918,-0.071339,-3.080874
-0.048037,-0.059658,-3.081076
-0.048365,-0.043025,-3.081568
-0.047988,-0.024443,-3.082210
-0.048415,-0.003295,-3.082604
-0.047767,0.018934,-3.083333
-0.047191,0.041503,-3.084527
-0.046711,0.065244,-3.085606
-0.046211,0.087880,-3.086462
-0.046060,0.108964,-3.086913
-0.046414,0.125450,-3.087066
-0.045969,0.138573,-3.086417
-0.044069,0.148293,-3.087006
-0.044483,0.154815,-3.087801
-0.044933,0.156351,-3.088312
-0.043977,0.155761,-3.087834
-0.042343,0.153035,-3.087770
-0.041643,0.148607,-3.087001
-0.042530,0.140361,-3.085785
-0.043454,0.130369,-3.085724
-0.045100,0.118058,-3.085567
-0.046086,0.103425,-3.085171
-0.045581,0.086283,-3.084938
-0.044934,0.068379,-3.084227
-0.044245,0.047177,-3.084426
-0.045063,0.027681,-3.083590
-0.045129,0.010990,-3.082685
-0.045817,0.000229,-3.082254
-0.045080,-0.006205,-3.082595
-0.043876,-0.008568,-3.082378
-0.042978,-0.007487,-3.082293
-0.043322,-0.005424,-3.082406
-0.044494,-0.002426,-3.082508
-0.045340,0.002788,-3.082908
-0.045386,0.008071,-3.083217
-0.044708,0.017579,-3.082997
-0.042841,0.031049,-3.083591
-0.042411,0.046284,-3.083764
-0.042229,0.067436,-3.083937
-0.042169,0.090484,-3.085202
-0.042909,0.110572,-3.085310
-0.044896,0.127696,-3.086243
-0.045727,0.135213,-3.088055
-0.044242,0.137674,-3.087016
-0.044316,0.132103,-3.086924
-0.045282,0.120118,-3.085675
-0.045257,0.104300,-3.086233
-0.045059,0.087841,-3.085899
-0.044967,0.064741,-3.084633
-0.046048,0.045295,-3.084207
-0.045543,0.027446,-3.083727
-0.045912,0.016001,-3.082921
-0.046295,0.010937,-3.082896
-0.046711,0.012325,-3.083636
-0.046243,0.019691,-3.084425
-0.044849,0.032453,-3.084981
-0.044317,0.049108,-3.085367
-0.044024,0.066715,-3.085805
-0.044568,0.083687,-3.086339
-0.045592,0.101656,-3.086596
-0.046308,0.118322,-3.086729
-0.046422,0.137225,-3.087090
-0.045567,0.154583,-3.088020
-0.045603,0.173582,-3.087736
-0.044462,0.191481,-3.088250
-0.043916,0.208354,-3.088530
-0.043614,0.222414,-3.088228
-0.044253,0.234122,-3.088994
-0.044935,0.240747,-3.089684
-0.045230,0.243779,-3.089494
-0.045586,0.240667,-3.089197
-0.046039,0.230503,-3.088797
-0.047761,0.213934,-3.088536
-0.046026,0.192901,-3.088049
-0.044164,0.169441,-3.087082
-0.042942,0.146241,-3.086076
-0.043541,0.122461,-3.085432
-0.044400,0.098812,-3.085185
-0.045615,0.074916,-3.084531
-0.046163,0.052873,-3.084266
-0.046861,0.031890,-3.083335
-0.046822,0.012691,-3.082405
-0.046530,-0.004538,-3.081945
-0.046804,-0.017853,-3.081637
-0.046953,-0.028231,-3.082268
-0.048177,-0.033264,-3.082102
-0.048692,-0.033269,-3.082309
-0.048597,-0.026743,-3.082237
-0.048160,-0.013865,-3.082203
-0.047742,0.002620,-3.082769
-0.048407,0.026619,-3.083722
-0.048188,0.051293,-3.084460
-0.047913,0.073533,-3.085212
-0.048154,0.092842,-3.086066
-0.048513,0.108766,-3.086931
-0.048600,0.121980,-3.087721
-0.048347,0.132237,-3.087806
-0.047722,0.138872,-3.087177
-0.048751,0.142618,-3.087162
-0.049757,0.140672,-3.087074
-0.049762,0.134556,-3.086685
-0.048531,0.125673,-3.086943
-0.048117,0.114810,-3.087079
-0.048350,0.102325,-3.086589
-0.048400,0.092238,-3.086627
-0.049183,0.085864,-3.086664
-0.050717,0.083827,-3.087048
-0.052249,0.086383,-3.087057
-0.052989,0.094627,-3.086831
-0.052750,0.108127,-3.087308
-0.052138,0.126097,-3.087571
-0.051316,0.146447,-3.087706
-0.051449,0.166954,-3.088558
-0.051232,0.182765,-3.090077
-0.050302,0.193390,-3.090594
-0.051352,0.198174,-3.090580
-0.049528,0.194669,-3.089847
-0.050754,0.186090,-3.089373
-0.048972,0.168745,-3.088802
-0.049686,0.154214,-3.087615
-0.048703,0.131099,-3.087364
-0.049638,0.111544,-3.086980
-0.050005,0.087434,-3.086276
-0.051574,0.071388,-3.085088
-0.052085,0.055931,-3.085032
-0.052062,0.048881,-3.084487
-0.052107,0.045321,-3.084549
-0.051913,0.049710,-3.084811
-0.051169,0.055363,-3.085775
-0.051634,0.067968,-3.086411
-0.051050,0.081543,-3.086594
-0.051536,0.096137,-3.086440
-0.051354,0.107916,-3.086573
-0.050099,0.120180,-3.086933
-0.049725,0.131938,-3.087843
-0.049418,0.144308,-3.087832
-0.049008,0.156207,-3.087998
-0.048750,0.168081,-3.088137
-0.049067,0.179947,-3.088340
-0.049176,0.189672,-3.088899
-0.048610,0.198786,-3.089594
-0.048092,0.204178,-3.090059
-0.047505,0.207142,-3.089810
-0.047980,0.204166,-3.089532
-0.048882,0.198588,-3.089073
-0.050068,0.187068,-3.088240
-0.051037,0.170552,-3.087520
-0.048909,0.150030,-3.087212
-0.047163,0.127143,-3.087363
-0.047130,0.100020,-3.086742
-0.047462,0.074625,-3.085364
-0.049254,0.050146,-3.085244
-0.050081,0.030350,-3.084353
-0.049521,0.016972,-3.083923
-0.049617,0.010630,-3.083333
-0.048671,0.009701,-3.083879
-0.048685,0.016811,-3.084004
-0.047899,0.029319,-3.083862
-0.048071,0.046203,-3.084408
-0.048411,0.067541,-3.085050
-0.048789,0.087750,-3.086075
-0.048660,0.107542,-3.086828
-0.048478,0.128155,-3.087332
-0.048082,0.147688,-3.087616
-0.047531,0.166864,-3.088020
-0.048060,0.178415,-3.088337
-0.048543,0.192042,-3.088821
-0.049011,0.204282,-3.089515
-0.047965,0.212176,-3.090233
-0.047659,0.217815,-3.090311
-0.047417,0.220100,-3.090400
-0.048516,0.220404,-3.090685
-0.048604,0.218671,-3.090635
-0.047630,0.214965,-3.090214
-0.047720,0.209165,-3.089862
-0.048467,0.200894,-3.089127
-0.049087,0.187919,-3.088618
-0.050207,0.171063,-3.088948
-0.050123,0.150858,-3.088320
-0.048883,0.127499,-3.088125
-0.050295,0.105205,-3.087650
-0.050303,0.085443,-3.086418
-0.050030,0.070060,-3.085726
-0.051139,0.060781,-3.085114
-0.050835,0.058922,-3.084704
-0.050360,0.063168,-3.085021
-0.049871,0.071932,-3.085367
-0.049590,0.088499,-3.085573
-0.049575,0.105154,-3.086209
-0.050375,0.122487,-3.086482
-0.050935,0.137843,-3.087571
-0.051947,0.148944,-3.088720
-0.052893,0.159176,-3.089706
-0.052269,0.165765,-3.090037
-0.052388,0.168356,-3.089204
-0.051957,0.167297,-3.088933
-0.053444,0.159796,-3.088298
-0.052291,0.149073,-3.088177
-0.051231,0.136548,-3.088201
-0.050877,0.124344,-3.088161
-0.051210,0.113293,-3.087721
-0.051141,0.106291,-3.086933
-0.050698,0.103115,-3.086652
-0.050136,0.105515,-3.086503
-0.049836,0.110776,-3.086287
-0.049739,0.118836,-3.086501
-0.049959,0.126744,-3.086702
-0.050840,0.133024,-3.086741
-0.050916,0.135956,-3.087033
-0.049887,0.132395,-3.087892
-0.050192,0.127187,-3.087435
-0.049974,0.117970,-3.086189
-0.048978,0.109625,-3.085859
-0.048348,0.100992,-3.086564
-0.047200,0.097163,-3.086474
-0.046307,0.093994,-3.086491
-0.046728,0.097503,-3.086353
-0.047143,0.105852,-3.087086
-0.048385,0.120196,-3.087963
-0.048554,0.138151,-3.088668
-0.048854,0.158498,-3.088787
-0.048546,0.177366,-3.088727
-0.047647,0.192983,-3.088653
-0.047044,0.206416,-3.088636
-0.047178,0.211681,-3.090565
-0.046482,0.212650,-3.088591
-0.046808,0.200499,-3.089454
-0.047087,0.181641,-3.087778
-0.048863,0.153128,-3.087452
-0.048376,0.123093,-3.086650
-0.046809,0.090180,-3.086178
-0.046852,0.055577,-3.084793
-0.046509,0.027756,-3.083717
-0.046515,0.006792,-3.082914
-0.045792,-0.002034,-3.082284
-0.046064,-0.005256,-3.082510
-0.046238,0.003085,-3.082827
-0.045968,0.017277,-3.083412
-0.046637,0.036707,-3.084691
-0.046842,0.058407,-3.085947
-0.045918,0.084412,-3.087106
-0.044288,0.110608,-3.087837
-0.042237,0.136408,-3.087380
-0.041090,0.158009,-3.087417
-0.042239,0.174726,-3.087033
-0.044156,0.180396,-3.088066
-0.043442,0.183974,-3.088326
-0.042732,0.176731,-3.088048
-0.042167,0.168498,-3.086091
-0.041832,0.148332,-3.087136
-0.042252,0.133746,-3.085711
-0.040860,0.111165,-3.086116
-0.042421,0.088538,-3.085796
-0.042563,0.063895,-3.084394
-0.043128,0.040811,-3.084114
-0.043174,0.019479,-3.083588
-0.042813,0.003824,-3.082989
-0.043756,-0.002776,-3.082730
-0.042959,-0.003661,-3.082808
-0.043477,0.005874,-3.083238
-0.043238,0.018276,-3.083564
-0.042677,0.034935,-3.083741
-0.042346,0.052906,-3.084630
-0.041652,0.074790,-3.085406
-0.041036,0.098112,-3.086176
-0.040586,0.122345,-3.087280
-0.041019,0.141470,-3.086999
-0.041375,0.157055,-3.086427
-0.042193,0.160407,-3.087429
-0.043010,0.157242,-3.087992
-0.041333,0.144588,-3.087188
-0.041460,0.130017,-3.086030
-0.040851,0.106801,-3.084962
-0.041676,0.086235,-3.084790
-0.042816,0.064926,-3.083416
-0.043728,0.044697,-3.083357
-0.044003,0.025877,-3.083114
-0.044158,0.009194,-3.082922
-0.044474,-0.005251,-3.082844
-0.045562,-0.017264,-3.082675
-0.046168,-0.028202,-3.083014
-0.046769,-0.039260,-3.082240
-0.045570,-0.049779,-3.082212
-0.044667,-0.058961,-3.082125
-0.044002,-0.066267,-3.082041
-0.043786,-0.070581,-3.081979
-0.044275,-0.070388,-3.081985
-0.045075,-0.064364,-3.082085
-0.044670,-0.053855,-3.082095
-0.044997,-0.039428,-3.082851
-0.044905,-0.019911,-3.083477
-0.044694,-0.002844,-3.083669
-0.045394,0.013479,-3.083231
-0.045483,0.028989,-3.083211
-0.046226,0.044173,-3.083672
-0.045744,0.057884,-3.084571
-0.044508,0.070313,-3.085121
-0.042655,0.081190,-3.085353
-0.040924,0.090279,-3.085336
-0.039953,0.099356,-3.085230
-0.040466,0.107179,-3.085295
-0.041483,0.112775,-3.085380
-0.041304,0.116334,-3.085660
-0.041138,0.116509,-3.085738
-0.040249,0.112686,-3.086144
-0.039372,0.107526,-3.085691
-0.039244,0.103054,-3.085364
-0.039525,0.101179,-3.085152
-0.039812,0.101447,-3.085233
-0.039914,0.104904,-3.085548
-0.040961,0.111782,-3.085432
-0.040330,0.119352,-3.085684
-0.040287,0.127222,-3.085946
-0.040452,0.131462,-3.085787
-0.041577,0.132629,-3.085701
-0.041482,0.128161,-3.085985
-0.041706,0.121265,-3.085513
-0.040770,0.111193,-3.084999
-0.039669,0.098750,-3.084998
-0.040481,0.087373,-3.084676
-0.040102,0.075709,-3.084524
-0.039370,0.068364,-3.083697
-0.038934,0.065254,-3.083617
-0.039591,0.067252,-3.083638
-0.040198,0.073734,-3.083828
-0.040605,0.082523,-3.084039
-0.040911,0.092355,-3.084289
-0.041081,0.101633,-3.084331
-0.040943,0.108655,-3.084571
-0.041050,0.113387,-3.084632
-0.041654,0.113332,-3.084669
-0.041943,0.110156,-3.085272
-0.041576,0.101344,-3.085215
-0.042340,0.090765,-3.084597
-0.042153,0.074760,-3.084029
-0.042074,0.057786,-3.084264
-0.042287,0.039865,-3.083734
-0.041927,0.027489,-3.082854
-0.041480,0.021830,-3.082564
-0.041218,0.022374,-3.083531
-0.041576,0.027638,-3.084502
-0.041729,0.035754,-3.085141
-0.042291,0.046443,-3.085131
-0.042553,0.056742,-3.084652
-0.042663,0.068008,-3.084547
-0.042475,0.078636,-3.084951
-0.042759,0.089790,-3.085412
-0.042634,0.099618,-3.085714
-0.042513,0.110508,-3.085743
-0.042260,0.119270,-3.085644
-0.042031,0.127915,-3.085868
-0.041948,0.134543,-3.086129
-0.041777,0.142263,-3.086457
-0.041600,0.147778,-3.086456
-0.041539,0.154657,-3.086543
-0.041282,0.160122,-3.087008
-0.040574,0.166362,-3.087349
-0.039312,0.171797,-3.087540
-0.039001,0.178608,-3.086884
-0.039426,0.185914,-3.087011
-0.040758,0.193189,-3.086796
-0.041431,0.201232,-3.087548
-0.041213,0.208276,-3.088336
-0.040386,0.212965,-3.088680
-0.039097,0.216528,-3.088862
-0.039007,0.219700,-3.087966
-0.039414,0.221527,-3.087222
-0.040662,0.222162,-3.087691
-0.040591,0.222332,-3.088089
-0.039124,0.221957,-3.088584
-0.037228,0.221072,-3.087929
-0.036038,0.220717,-3.087559
-0.036167,0.220725,-3.087717
-0.037416,0.220137,-3.088271
-0.038646,0.220997,-3.088362
-0.038949,0.221100,-3.088563
-0.039250,0.223610,-3.088259
-0.039170,0.225918,-3.088119
-0.038990,0.229730,-3.088240
-0.037931,0.232791,-3.088362
-0.037912,0.235610,-3.088330
-0.037892,0.238127,-3.088441
-0.038837,0.241065,-3.088640
-0.039733,0.244117,-3.088304
-0.039379,0.247279,-3.088833
-0.039467,0.252143,-3.089807
-0.039239,0.257734,-3.090193
-0.038776,0.264602,-3.089969
-0.039548,0.273140,-3.089378
-0.040790,0.281959,-3.089267
-0.041462,0.290945,-3.090183
-0.040680,0.298387,-3.090574
-0.039267,0.303473,-3.090270
-0.038357,0.304678,-3.090096
-0.038457,0.302598,-3.090115
-0.038762,0.296587,-3.089427
-0.039109,0.281675,-3.089269
-0.041709,0.260868,-3.089656
-0.042670,0.235348,-3.087889
-0.040951,0.207976,-3.087669
-0.041216,0.181311,-3.086495
-0.040006,0.154359,-3.086132
-0.040257,0.130240,-3.085651
-0.041505,0.106121,-3.085002
-0.042439,0.085443,-3.084829
-0.043893,0.066894,-3.084539
-0.044725,0.053262,-3.084374
-0.045061,0.043043,-3.084233
-0.044978,0.034611,-3.084158
-0.044973,0.027987,-3.084257
-0.044827,0.022546,-3.084295
-0.045152,0.019738,-3.084103
-0.045773,0.019859,-3.083819
-0.046682,0.024393,-3.083649
-0.047077,0.033338,-3.083806
-0.047223,0.044873,-3.084048
-0.047185,0.058922,-3.084452
-0.047023,0.071797,-3.085044
-0.047339,0.083933,-3.085203
-0.047452,0.091222,-3.085785
-0.047942,0.095814,-3.086002
-0.047478,0.095252,-3.085734
-0.047115,0.091682,-3.085016
-0.046778,0.082258,-3.084292
-0.047852,0.067149,-3.083862
-0.047485,0.047833,-3.083424
-0.046459,0.029271,-3.083049
-0.045149,0.011347,-3.083119
-0.044783,-0.005548,-3.082669
-0.045255,-0.014746,-3.082306
-0.045471,-0.019991,-3.082427
-0.046005,-0.015912,-3.082564
-0.046465,-0.007283,-3.083258
-0.047323,0.005713,-3.083144
-0.047868,0.021218,-3.083218
-0.047010,0.040574,-3.083459
-0.045954,0.062561,-3.084297
-0.045429,0.085024,-3.085126
-0.045602,0.107488,-3.085885
-0.046056,0.127869,-3.086044
-0.047181,0.144846,-3.086208
-0.047824,0.157219,-3.086673
-0.048554,0.164987,-3.087358
-0.047665,0.167887,-3.087719
-0.046548,0.165830,-3.087243
-0.046833,0.152201,-3.086238
-0.046410,0.134772,-3.086022
-0.046869,0.117414,-3.085793
-0.047435,0.097020,-3.085681
-0.047478,0.075713,-3.084968
-0.047826,0.057661,-3.084336
-0.048692,0.042410,-3.083319
-0.048639,0.030261,-3.082772
-0.048577,0.022311,-3.082851
-0.048765,0.018914,-3.083077
-0.048112,0.021018,-3.083542
-0.047111,0.028702,-3.083374
-0.047612,0.041634,-3.083158
-0.047632,0.054647,-3.083094
-0.048283,0.070934,-3.083380
-0.048267,0.086783,-3.084260
-0.048962,0.102313,-3.084549
-0.049068,0.114519,-3.084639
-0.049311,0.122309,-3.084350
-0.049293,0.122338,-3.084866
-0.048929,0.115670,-3.085361
-0.048662,0.105002,-3.084280
-0.047615,0.087317,-3.084142
-0.046729,0.065924,-3.083571
-0.046869,0.044816,-3.082662
-0.047267,0.025278,-3.081623
-0.047341,0.012946,-3.081753
-0.046972,0.004381,-3.082175
-0.046581,-0.000235,-3.082704
-0.047176,0.002235,-3.082973
-0.047999,0.011193,-3.082813
-0.048985,0.021026,-3.083056
-0.049245,0.031188,-3.083763
-0.048949,0.044023,-3.084300
-0.048499,0.059295,-3.084204
-0.048072,0.073981,-3.084254
-0.048115,0.088023,-3.084693
-0.048813,0.099563,-3.084604
-0.049088,0.110080,-3.085464
-0.049501,0.119338,-3.085403
-0.049270,0.129301,-3.085050
-0.049357,0.140203,-3.085145
-0.049855,0.151751,-3.085636
-0.050884,0.163416,-3.085905
-0.051979,0.176744,-3.086242
-0.052622,0.187431,-3.085958
-0.052519,0.197691,-3.086864
-0.051441,0.202460,-3.087399
-0.051455,0.205695,-3.086297
-0.050654,0.203649,-3.086058
-0.050012,0.201341,-3.086423
-0.049706,0.196776,-3.087078
-0.049521,0.191811,-3.086828
-0.048678,0.185913,-3.086920
-0.047518,0.182672,-3.086864
-0.047160,0.180541,-3.086038
-0.046239,0.180161,-3.085833
-0.045523,0.182662,-3.086006
-0.045718,0.189475,-3.085899
-0.046531,0.196542,-3.086158
-0.047683,0.203754,-3.085945
-0.050001,0.208231,-3.086106
-0.051102,0.206793,-3.086548
-0.049400,0.199180,-3.086681
-0.048247,0.184068,-3.086159
-0.046775,0.166151,-3.085564
-0.045398,0.146547,-3.084761
-0.045746,0.122090,-3.084795
-0.046499,0.101344,-3.083657
-0.046958,0.080087,-3.083369
-0.048246,0.060378,-3.082869
-0.048897,0.041135,-3.082619
-0.048800,0.021840,-3.082570
-0.048498,0.004489,-3.081796
-0.047720,-0.007887,-3.081644
-0.048432,-0.017251,-3.081625
-0.049629,-0.022733,-3.081471
-0.050844,-0.021604,-3.081586
-0.051565,-0.017101,-3.081628
-0.051305,-0.009308,-3.081316
-0.049557,-0.001475,-3.081396
-0.048235,0.009203,-3.081316
-0.047579,0.018970,-3.081691
-0.047774,0.025951,-3.081861
-0.048936,0.029581,-3.082075
-0.049840,0.029356,-3.081671
-0.051334,0.026580,-3.081460
-0.052164,0.019553,-3.081304
-0.051380,0.010020,-3.081807
-0.050531,-0.002139,-3.081601
-0.049800,-0.015628,-3.080407
-0.049651,-0.031990,-3.079068
-0.050251,-0.048400,-3.078778
-0.050921,-0.065395,-3.079404
-0.051202,-0.081168,-3.079580
-0.051484,-0.095518,-3.078751
-0.051798,-0.107635,-3.077767
-0.052325,-0.115609,-3.077303
-0.052710,-0.119218,-3.077512
-0.053000,-0.119319,-3.078245
-0.052546,-0.113029,-3.078613
-0.052683,-0.102981,-3.078820
-0.052635,-0.088871,-3.079180
-0.052519,-0.072604,-3.079676
-0.052626,-0.049435,-3.080296
-0.052466,-0.027745,-3.080280
-0.052282,-0.003035,-3.079711
-0.052029,0.021597,-3.079497
-0.051903,0.047179,-3.079540
-0.052594,0.069860,-3.079700
-0.052807,0.088846,-3.080455
-0.053936,0.101700,-3.080793
-0.054134,0.105674,-3.081151
-0.052381,0.103429,-3.081999
-0.050828,0.093656,-3.082368
-0.049720,0.077164,-3.082276
-0.049055,0.060365,-3.082250
-0.048072,0.044076,-3.081927
-0.048951,0.033898,-3.081240
-0.048954,0.026981,-3.081614
-0.049878,0.027994,-3.081728
-0.049507,0.029609,-3.082560
-0.050001,0.039186,-3.083013
-0.049809,0.043005,-3.083341
-0.049905,0.049314,-3.082777
-0.049965,0.051718,-3.082231
-0.049468,0.056375,-3.081843
-0.049202,0.059975,-3.081479
-0.049311,0.067381,-3.081336
-0.049897,0.074809,-3.081717
-0.050336,0.084115,-3.081985
-0.050716,0.092666,-3.082023
-0.050502,0.100529,-3.082062
-0.050155,0.103631,-3.082086
-0.049182,0.104323,-3.082148
-0.048747,0.102016,-3.082215
-0.048836,0.096748,-3.082124
-0.048857,0.089011,-3.082202
-0.048692,0.079861,-3.082324
-0.048299,0.069977,-3.082281
-0.048812,0.058879,-3.082154
-0.049442,0.046540,-3.082178
-0.049834,0.036149,-3.082337
-0.050002,0.028510,-3.082658
-0.049558,0.024993,-3.083515
-0.049806,0.024618,-3.083662
-0.049868,0.028906,-3.083285
-0.049971,0.035422,-3.083034
-0.049985,0.043442,-3.082901
-0.049957,0.050669,-3.082711
-0.050199,0.058562,-3.082361
-0.050157,0.067300,-3.082241
-0.050014,0.076324,-3.082230
-0.049944,0.085780,-3.082168
-0.050220,0.095076,-3.082386
-0.050342,0.102532,-3.082487
-0.050546,0.108028,-3.082711
-0.050205,0.111916,-3.082911
-0.049773,0.114090,-3.082590
-0.050183,0.113195,-3.082106
-0.050567,0.110224,-3.082653
-0.050359,0.106877,-3.083223
-0.050237,0.102488,-3.084173
-0.051230,0.097168,-3.084115
-0.051346,0.090000,-3.083836
-0.051794,0.083179,-3.083503
-0.052008,0.077419,-3.083355
-0.051509,0.072772,-3.082863
-0.050267,0.069931,-3.082237
-0.049445,0.070245,-3.081775
-0.049616,0.073577,-3.082020
-0.051386,0.079904,-3.082070
-0.052106,0.086940,-3.082489
-0.052130,0.093265,-3.082727
-0.051126,0.098324,-3.082505
-0.049058,0.101423,-3.081971
-0.047586,0.103206,-3.081710
-0.047820,0.104866,-3.081339
-0.048945,0.104994,-3.081464
-0.049903,0.106321,-3.082151
-0.049895,0.107158,-3.082880
-0.048908,0.108671,-3.083271
-0.048349,0.114213,-3.083420
-0.047665,0.122786,-3.083796
-0.047987,0.135824,-3.083765
-0.047677,0.149652,-3.084708
-0.048536,0.164034,-3.085093
-0.048005,0.171854,-3.084929
-0.048086,0.179501,-3.083758
-0.046370,0.179995,-3.082968
-0.046099,0.179102,-3.082592
-0.044140,0.171452,-3.082900
-0.046061,0.165295,-3.082438
-0.046975,0.151418,-3.083403
-0.047784,0.135285,-3.083022
-0.048327,0.117560,-3.083105
-0.048626,0.098880,-3.082616
-0.047210,0.076938,-3.081756
-0.046951,0.056341,-3.081156
-0.046677,0.036132,-3.081405
-0.047141,0.017948,-3.081681
-0.047480,0.001670,-3.081769
-0.048433,-0.011353,-3.081510
-0.049045,-0.023992,-3.081068
-0.048841,-0.033616,-3.080603
-0.048334,-0.039876,-3.080681
-0.047805,-0.040592,-3.081195
-0.047653,-0.038170,-3.079975
-0.046846,-0.028509,-3.080345
-0.047843,-0.011353,-3.081138
-0.048699,0.006785,-3.082598
-0.049371,0.028532,-3.083368
-0.049081,0.051848,-3.083931
-0.048376,0.075664,-3.084610
-0.047726,0.097910,-3.085358
-0.046608,0.118856,-3.085390
-0.046289,0.135377,-3.085673
-0.045741,0.151962,-3.086053
-0.045410,0.167424,-3.086879
-0.045031,0.183424,-3.087381
-0.044978,0.196304,-3.087516
-0.045110,0.209846,-3.087361
-0.045293,0.222077,-3.088129
-0.045821,0.235697,-3.088328
-0.046165,0.247009,-3.089053
-0.047154,0.259181,-3.089263
-0.046767,0.270031,-3.090075
-0.047138,0.283509,-3.089988
-0.046783,0.293825,-3.089851
-0.045361,0.305499,-3.091193
-0.045440,0.317611,-3.091109
-0.044971,0.328663,-3.091136
-0.044531,0.338230,-3.092236
-0.044321,0.345171,-3.093357
-0.046389,0.351468,-3.093527
-0.045509,0.353375,-3.094274
-0.045099,0.353523,-3.093419
-0.044837,0.350296,-3.091726
-0.045100,0.342883,-3.092087
-0.046245,0.332013,-3.091219
-0.046811,0.311610,-3.091616
-0.046880,0.292961,-3.090530
-0.046656,0.263418,-3.089914
-0.046521,0.232720,-3.088172
-0.046509,0.196580,-3.088012
-0.048295,0.163607,-3.086674
-0.047736,0.133971,-3.085572
-0.047244,0.110812,-3.084524
-0.047149,0.094651,-3.083773
-0.047388,0.086514,-3.083665
-0.047166,0.085192,-3.083760
-0.048325,0.093134,-3.084149
-0.049553,0.104176,-3.084775
-0.049902,0.117805,-3.085214
-0.049093,0.133263,-3.085674
-0.047526,0.148943,-3.086533
-0.046745,0.165709,-3.087298
-0.045864,0.173357,-3.088174
-0.047459,0.180949,-3.087165
-0.046543,0.179824,-3.087509
-0.047820,0.176189,-3.086863
-0.048239,0.167174,-3.086413
-0.047297,0.150691,-3.086549
-0.047304,0.133175,-3.086313
-0.047043,0.110206,-3.085438
-0.047437,0.090198,-3.084155
-0.047508,0.068606,-3.083929
-0.048570,0.049788,-3.083327
-0.048413,0.032081,-3.082837
-0.046859,0.017768,-3.083194
-0.046820,0.007776,-3.082491
-0.046987,0.001270,-3.081965
-0.047731,-0.003762,-3.081646
-0.049255,-0.005385,-3.081299
-0.051103,-0.003191,-3.081439
-0.052214,0.001579,-3.081564
-0.051260,0.007488,-3.081539
-0.049682,0.016369,-3.081860
-0.048256,0.026316,-3.082290
-0.047433,0.040597,-3.082715
-0.047358,0.058153,-3.083293
-0.048010,0.074781,-3.083865
-0.048534,0.090685,-3.084225
-0.048392,0.108177,-3.084730
-0.047653,0.125769,-3.085502
-0.046953,0.143879,-3.086235
-0.046614,0.160302,-3.086699
-0.046461,0.175081,-3.087656
-0.046810,0.186711,-3.088354
-0.047153,0.193126,-3.088659
-0.047275,0.188898,-3.088708
-0.047335,0.180129,-3.087612
-0.045946,0.162595,-3.086978
-0.046485,0.142136,-3.086153
-0.048088,0.117952,-3.085876
-0.048209,0.091129,-3.085454
-0.047997,0.066488,-3.084398
-0.048033,0.043532,-3.083317
-0.048404,0.025424,-3.083088
-0.047947,0.012081,-3.083138
-0.048876,0.004084,-3.082423
-0.049523,0.001243,-3.082155
-0.050547,0.000023,-3.082075
-0.051642,0.001814,-3.082661
-0.052073,0.003794,-3.082879
-0.051320,0.010460,-3.082339
-0.050424,0.018400,-3.082486
-0.049633,0.028506,-3.083136
-0.049675,0.040075,-3.083642
-0.049956,0.053425,-3.083906
-0.050548,0.065256,-3.083881
-0.051006,0.077623,-3.084168
-0.050450,0.089688,-3.084843
-0.049244,0.102419,-3.085430
-0.047914,0.116011,-3.085896
-0.047250,0.127249,-3.086564
-0.047159,0.135516,-3.087335
-0.047129,0.138455,-3.087469
-0.046832,0.137688,-3.086818
-0.046803,0.130685,-3.086363
-0.046421,0.122304,-3.086281
-0.046872,0.107491,-3.085777
-0.046796,0.090783,-3.085201
-0.046445,0.071370,-3.084279
-0.046874,0.050524,-3.083744
-0.046030,0.029382,-3.082950
-0.046230,0.010766,-3.081536
-0.046672,-0.002691,-3.080309
-0.046575,-0.012639,-3.080182
-0.047990,-0.016423,-3.080764
-0.048406,-0.014865,-3.081344
-0.048205,-0.007470,-3.081069
-0.047224,0.001989,-3.081402
-0.048205,0.013122,-3.081829
-0.048148,0.023974,-3.082491
-0.047786,0.037130,-3.083176
-0.048059,0.050256,-3.083173
-0.047788,0.065160,-3.083559
-0.046704,0.081262,-3.083774
-0.045490,0.098454,-3.084502
-0.044423,0.113159,-3.085192
-0.043694,0.126527,-3.085550
-0.043934,0.135862,-3.085706
-0.044860,0.138925,-3.085818
-0.046011,0.140071,-3.086183
-0.046881,0.134061,-3.085971
-0.046834,0.124021,-3.085496
-0.046290,0.110960,-3.085074
-0.045940,0.094169,-3.084769
-0.045542,0.074280,-3.084098
-0.047696,0.055208,-3.083152
-0.049573,0.034994,-3.082710
-0.050386,0.016616,-3.081675
-0.051313,-0.000412,-3.081421
-0.051333,-0.012571,-3.080631
-0.050136,-0.020966,-3.079860
-0.049290,-0.025032,-3.079667
-0.048688,-0.024750,-3.080196
-0.049204,-0.019335,-3.080906
-0.049901,-0.008628,-3.081128
-0.049828,0.004055,-3.081059
-0.048877,0.018237,-3.081582
-0.047726,0.035788,-3.082141
-0.046507,0.054115,-3.082600
-0.046284,0.071157,-3.082924
-0.046746,0.087959,-3.083598
-0.046956,0.105315,-3.084366
-0.046502,0.121907,-3.085176
-0.045421,0.140064,-3.086068
-0.044655,0.153705,-3.086535
-0.043824,0.166577,-3.086964
-0.044313,0.171963,-3.086976
-0.045839,0.172237,-3.085756
-0.045851,0.166708,-3.085877
-0.047074,0.157087,-3.084903
-0.044481,0.139858,-3.084892
-0.046249,0.125766,-3.083761
-0.045809,0.107721,-3.083313
-0.046886,0.092198,-3.083092
-0.049027,0.079800,-3.082819
-0.049698,0.070162,-3.082863
-0.048916,0.061407,-3.082813
-0.047191,0.055453,-3.082568
-0.046972,0.052397,-3.082149
-0.047579,0.051570,-3.081517
-0.048078,0.053416,-3.082172
-0.049183,0.056646,-3.082327
-0.048590,0.061484,-3.082620
-0.047596,0.067033,-3.082666
-0.046412,0.071870,-3.082395
-0.045229,0.080789,-3.082723
-0.045067,0.087702,-3.083170
-0.044798,0.096967,-3.084111
-0.045482,0.102145,-3.084682
-0.047414,0.106957,-3.084044
-0.046339,0.108153,-3.084379
-0.045429,0.110659,-3.084520
-0.044996,0.113268,-3.084758
-0.045557,0.117165,-3.084556
-0.046264,0.123816,-3.084802
-0.046218,0.131172,-3.085519
-0.045655,0.140831,-3.085973
-0.045354,0.148411,-3.085874
-0.045331,0.154343,-3.085751
-0.045153,0.159796,-3.085837
-0.045981,0.165589,-3.085116
-0.045352,0.168510,-3.084754
-0.044254,0.173083,-3.084638
-0.043354,0.179048,-3.085075
-0.042704,0.182719,-3.085155
-0.042639,0.183644,-3.085427
-0.043963,0.184677,-3.085257
-0.044995,0.178932,-3.085503
-0.046044,0.170164,-3.084889
-0.045598,0.157451,-3.084440
-0.044453,0.140751,-3.084309
-0.044748,0.120446,-3.083709
-0.045265,0.096189,-3.082930
-0.046647,0.070997,-3.082639
-0.047844,0.040629,-3.081620
-0.049389,0.011286,-3.080840
-0.048776,-0.016412,-3.080734
-0.047705,-0.039967,-3.080071
-0.046940,-0.061194,-3.079097
-0.046948,-0.075583,-3.078463
-0.048294,-0.075859,-3.078112
-0.047818,-0.072786,-3.078114
-0.048059,-0.065376,-3.079348
-0.048658,-0.049357,-3.079754
-0.048418,-0.032756,-3.080386
-0.048083,-0.012798,-3.080555
-0.047717,0.011017,-3.081462
-0.047223,0.034297,-3.082885
-0.046288,0.057336,-3.083411
-0.045162,0.081009,-3.083989
-0.045778,0.104253,-3.084297
-0.046856,0.123200,-3.083982
-0.046514,0.138769,-3.084200
-0.045854,0.155710,-3.084597
-0.044921,0.170309,-3.084736
-0.043324,0.180119,-3.085159
-0.043636,0.189955,-3.085258
-0.044321,0.193267,-3.086007
-0.046054,0.193108,-3.085285
-0.047817,0.184880,-3.085829
-0.047374,0.175441,-3.085524
-0.046467,0.156299,-3.085192
-0.044657,0.139063,-3.084438
-0.045532,0.114144,-3.082603
-0.045803,0.092288,-3.082593
-0.047060,0.065045,-3.082275
-0.048881,0.038187,-3.080701
-0.049082,0.010011,-3.080779
-0.048858,-0.014337,-3.079731
-0.049473,-0.037844,-3.078456
-0.049312,-0.058176,-3.077911
-0.049454,-0.076115,-3.077585
-0.050204,-0.080165,-3.077881
-0.050006,-0.083008,-3.077603
-0.050259,-0.086006,-3.077821
-0.051440,-0.078360,-3.078227
-0.051253,-0.068831,-3.078532
-0.050586,-0.060667,-3.078743
-0.050082,-0.046282,-3.079145
-0.049098,-0.027910,-3.080182
-0.048987,-0.009452,-3.081045
-0.048352,0.009760,-3.081348
-0.048996,0.031853,-3.081939
-0.049107,0.054022,-3.082652
-0.048097,0.073315,-3.083304
-0.048105,0.092268,-3.083715
-0.047216,0.107540,-3.084616
-0.045854,0.121416,-3.084716
-0.046646,0.133922,-3.084468
-0.046282,0.143348,-3.085218
-0.044855,0.151474,-3.085458
-0.045716,0.158032,-3.084362
-0.043832,0.163021,-3.084655
-0.044213,0.168080,-3.085382
-0.045314,0.170468,-3.084600
-0.045544,0.170619,-3.085433
-0.045889,0.170868,-3.085030
-0.044940,0.164027,-3.084854
-0.045120,0.158111,-3.084895
-0.045569,0.148932,-3.083977
-0.044341,0.135906,-3.083889
-0.044627,0.126920,-3.083704
-0.045242,0.117608,-3.083308
-0.045820,0.110477,-3.083138
-0.045538,0.106772,-3.082967
-0.044843,0.105507,-3.083174
-0.045247,0.108571,-3.083114
-0.045390,0.115321,-3.083379
-0.045486,0.122783,-3.084416
-0.045766,0.132012,-3.085149
-0.045469,0.141561,-3.085371
-0.045347,0.152926,-3.085670
-0.045811,0.165135,-3.086066
-0.046676,0.174993,-3.086144
-0.045968,0.181041,-3.086036
-0.045955,0.187466,-3.085819
-0.045651,0.194903,-3.085756
-0.044622,0.198777,-3.085884
-0.045139,0.203517,-3.086204
-0.045496,0.207686,-3.085996
-0.043762,0.209265,-3.086485
-0.044885,0.207909,-3.085465
-0.043538,0.204782,-3.085505
-0.044019,0.199804,-3.085838
-0.042610,0.191806,-3.085488
-0.041999,0.185145,-3.085076
-0.042894,0.179088,-3.084829
-0.041976,0.173802,-3.084565
-0.041739,0.173324,-3.084576
-0.043072,0.170962,-3.084768
-0.043619,0.171905,-3.084494
-0.043145,0.176077,-3.085009
-0.042775,0.179182,-3.085178
-0.042982,0.179234,-3.084957
-0.042092,0.182540,-3.085067
-0.041366,0.185704,-3.085633
-0.041816,0.185244,-3.085442
-0.041635,0.184564,-3.085709
-0.042231,0.181093,-3.085853
-0.041950,0.173155,-3.085402
-0.041748,0.167372,-3.084927
-0.041550,0.158458,-3.084110
-0.041472,0.151549,-3.083686
-0.042799,0.146842,-3.083637
-0.044388,0.142767,-3.084139
-0.044008,0.137393,-3.084626
-0.044370,0.134730,-3.083964
-0.044577,0.132762,-3.083355
-0.043067,0.131461,-3.083250
-0.042467,0.130807,-3.083545
-0.043589,0.131319,-3.083440
-0.043319,0.131166,-3.083341
-0.043498,0.131412,-3.083522
-0.044260,0.133106,-3.083449
-0.044513,0.135666,-3.083420
-0.043066,0.136779,-3.083827
-0.043038,0.140691,-3.084072
-0.044328,0.141012,-3.083647
-0.044848,0.143275,-3.083566
-0.044333,0.146675,-3.084242
-0.044066,0.148571,-3.084785
-0.043701,0.150701,-3.084503
-0.042413,0.153225,-3.084440
-0.042478,0.152655,-3.084185
-0.042764,0.148691,-3.083883
-0.042562,0.148763,-3.084349
-0.043942,0.145798,-3.084039
-0.043404,0.141508,-3.083373
-0.043316,0.141200,-3.083491
-0.043833,0.139834,-3.083410
-0.043736,0.136959,-3.083348
-0.043703,0.137182,-3.083153
-0.043229,0.136710,-3.083341
-0.043177,0.133584,-3.083196
-0.043690,0.132576,-3.083033
-0.044741,0.132252,-3.083332
-0.044384,0.128707,-3.083296
-0.043951,0.128024,-3.083179
-0.043710,0.128283,-3.083285
-0.042787,0.127369,-3.083044
-0.042604,0.129497,-3.083092
-0.043779,0.133431,-3.083096
-0.044181,0.135978,-3.084005
-0.043733,0.139003,-3.084409
-0.044061,0.144718,-3.084837
-0.044184,0.149995,-3.084156
-0.041783,0.155265,-3.083979
-0.042419,0.162227,-3.082888
-0.042800,0.167106,-3.083525
-0.041525,0.172541,-3.083865
-0.042761,0.177294,-3.083808
-0.041848,0.179158,-3.083899
-0.040577,0.182749,-3.084304
-0.040919,0.183892,-3.084246
-0.039917,0.186548,-3.085214
-0.040934,0.188631,-3.085550
-0.041425,0.189039,-3.085752
-0.041041,0.192788,-3.085191
-0.040556,0.192621,-3.084320
-0.039919,0.193980,-3.083757
-0.039327,0.195204,-3.083974
-0.039480,0.191429,-3.084086
-0.039827,0.190495,-3.083910
-0.039822,0.186268,-3.083748
-0.040589,0.180995,-3.084044
-0.041714,0.178171,-3.084399
-0.042128,0.173240,-3.085149
-0.042016,0.169328,-3.085262
-0.042204,0.165346,-3.084602
-0.039972,0.162384,-3.084041
-0.040113,0.158574,-3.083225
-0.040263,0.154431,-3.082808
-0.039468,0.149532,-3.083554
-0.041710,0.146124,-3.083253
-0.041548,0.141921,-3.082969
-0.040636,0.139756,-3.082902
-0.041400,0.136656,-3.083067
-0.041537,0.135045,-3.082940
-0.040070,0.136704,-3.083576
-0.039983,0.139113,-3.083505
-0.039397,0.140370,-3.083892
-0.039047,0.144027,-3.083750
-0.040336,0.149935,-3.083355
-0.042035,0.153956,-3.083173
-0.040843,0.159684,-3.083695
-0.040785,0.164554,-3.083368
-0.039321,0.169210,-3.083508
-0.038710,0.177929,-3.084097
-0.039334,0.182942,-3.084280
-0.039478,0.188153,-3.084954
-0.039766,0.197530,-3.084589
-0.039376,0.202659,-3.084549
-0.038131,0.210877,-3.084198
-0.036821,0.212860,-3.083967
-0.036455,0.220172,-3.084602
-0.037581,0.225570,-3.084815
-0.037814,0.228718,-3.085806
-0.038986,0.231584,-3.085214
-0.038284,0.233329,-3.084793
-0.039195,0.237249,-3.085008
-0.038000,0.237136,-3.085599
-0.038373,0.238051,-3.085803
-0.037330,0.239370,-3.085291
-0.037168,0.242522,-3.084448
-0.037329,0.242757,-3.085012
-0.037690,0.242968,-3.085290
-0.038580,0.244436,-3.085686
-0.037436,0.246818,-3.085479
-0.036565,0.243018,-3.084326
-0.035717,0.243252,-3.084286
-0.037716,0.243672,-3.084881
-0.036275,0.240578,-3.085417
-0.037505,0.236418,-3.085024
-0.035813,0.235181,-3.084708
-0.035996,0.232089,-3.084903
-0.035533,0.227515,-3.085536
-0.035111,0.227829,-3.085034
-0.036883,0.228543,-3.084459
-0.036238,0.229491,-3.084450
-0.037105,0.228111,-3.083870
-0.036900,0.233058,-3.084837
-0.036351,0.233728,-3.085254
-0.034585,0.233672,-3.084635
-0.033213,0.239100,-3.084585
-0.032785,0.241498,-3.085012
-0.032695,0.246055,-3.085636
-0.033950,0.252413,-3.085304
-0.034499,0.260856,-3.085313
-0.033886,0.267331,-3.084820
-0.033878,0.275476,-3.085396
-0.033230,0.284941,-3.086247
-0.031092,0.290828,-3.085845
-0.030956,0.300806,-3.085726
-0.030435,0.309821,-3.085983
-0.031485,0.316530,-3.086781
-0.030883,0.328283,-3.086677
-0.031947,0.338336,-3.086996
-0.031919,0.349498,-3.087319
-0.031011,0.361169,-3.087094
-0.031224,0.374687,-3.087983
-0.029338,0.384360,-3.087407
-0.031283,0.399037,-3.087554
-0.029557,0.411456,-3.088770
-0.030267,0.419665,-3.089327
-0.028225,0.430925,-3.089697
-0.025132,0.437214,-3.090890
-0.024515,0.439736,-3.090930
