0.000000,0.000000,0.000000
0.009808,-0.037758,0.000000
0.010522,-0.037748,0.000000
0.011178,-0.037869,0.000000
0.011765,-0.038395,0.000000
0.011911,-0.039679,0.000000
0.011779,-0.040776,0.000000
0.011888,-0.041962,0.000000
0.012145,-0.042866,0.000000
0.012278,-0.043429,0.000000
0.012302,-0.043375,0.000000
0.012397,-0.043223,0.000000
0.012405,-0.042744,0.000000
0.012718,-0.043136,0.000000
0.012901,-0.042000,0.000000
0.012832,-0.044021,0.000000
0.012437,-0.043302,0.000000
0.012806,-0.046870,0.000000
0.012916,-0.056760,0.000000
0.011117,-0.062061,0.000000
0.009997,-0.072077,0.000000
0.011884,-0.083860,0.000000
0.011422,-0.100376,0.000000
0.011021,-0.108684,0.000000
0.011811,-0.117172,0.000000
0.011857,-0.119843,0.000000
0.012063,-0.120414,0.000000
0.011288,-0.110768,0.000000
0.011842,-0.095791,0.000000
0.011885,-0.076595,0.000000
0.011232,-0.058009,0.000000
0.010852,-0.028269,0.000000
0.011811,0.001546,0.000000
0.011791,0.028895,0.000000
0.010775,0.051105,0.000000
0.010264,0.060285,0.000000
0.011038,0.056641,0.000000
0.012814,0.036906,0.000000
0.013076,0.003180,0.000000
0.011886,-0.032767,0.000000
0.012532,-0.075027,0.000000
0.013543,-0.114087,0.000000
0.014088,-0.138581,0.000000
0.015551,-0.149640,0.000000
0.014340,-0.142201,0.000000
0.014246,-0.129152,0.000000
0.013343,-0.108638,0.000000
0.013061,-0.087033,0.000000
0.011451,-0.067887,0.000000
0.010501,-0.065297,0.000000
0.011221,-0.070122,0.000000
0.011626,-0.089686,0.000000
0.012293,-0.118096,0.000000
0.013824,-0.150378,0.000000
0.015085,-0.184147,0.000000
0.015645,-0.216448,0.000000
0.015463,-0.240048,0.000000
0.015482,-0.251205,0.000000
0.015337,-0.249494,0.000000
0.014934,-0.239931,0.000000
0.013875,-0.219534,0.000000
0.013980,-0.192034,0.000000
0.013674,-0.162739,0.000000
0.012083,-0.136699,0.000000
0.011153,-0.114999,0.000000
0.011749,-0.102210,0.000000
0.011563,-0.100565,0.000000
0.012714,-0.107407,0.000000
0.011892,-0.122206,0.000000
0.012585,-0.141441,0.000000
0.012108,-0.161916,0.000000
0.011820,-0.182704,0.000000
0.011806,-0.202772,0.000000
0.010704,-0.215359,0.000000
0.010155,-0.222869,0.000000
0.008251,-0.223746,0.000000
0.008002,-0.218009,0.000000
0.007862,-0.206798,0.000000
0.008557,-0.189036,0.000000
0.009156,-0.166818,0.000000
0.007951,-0.141415,0.000000
0.007407,-0.114445,0.000000
0.007436,-0.092112,0.000000
0.007113,-0.075982,0.000000
0.008208,-0.072556,0.000000
0.008730,-0.079216,0.000000
0.008514,-0.096553,0.000000
0.008853,-0.118771,0.000000
0.007699,-0.143450,0.000000
0.007373,-0.161544,0.000000
0.007650,-0.171060,0.000000
0.006560,-0.168157,0.000000
0.006766,-0.155195,0.000000
0.006399,-0.132614,0.000000
0.005426,-0.106261,0.000000
0.005396,-0.079427,0.000000
0.005720,-0.057163,0.000000
0.006020,-0.039819,0.000000
0.006237,-0.032808,0.000000
0.006026,-0.033894,0.000000
0.006283,-0.043686,0.000000
0.005656,-0.059298,0.000000
0.006067,-0.079120,0.000000
0.005935,-0.100875,0.000000
0.005697,-0.117893,0.000000
0.005550,-0.128836,0.000000
0.005106,-0.134701,0.000000
0.005479,-0.134728,0.000000
0.005050,-0.128379,0.000000
0.005056,-0.118022,0.000000
0.004460,-0.106962,0.000000
0.004821,-0.093802,0.000000
0.003427,-0.079314,0.000000
0.003340,-0.066774,0.000000
0.004478,-0.054872,0.000000
0.004324,-0.048764,0.000000
0.003531,-0.044079,0.000000
0.003927,-0.045223,0.000000
0.004647,-0.050123,0.000000
0.004398,-0.057293,0.000000
0.004668,-0.065052,0.000000
0.005148,-0.074085,0.000000
0.005515,-0.078228,0.000000
0.005399,-0.080298,0.000000
0.005159,-0.077043,0.000000
0.004753,-0.070936,0.000000
0.004735,-0.062121,0.000000
0.004672,-0.056841,0.000000
0.004785,-0.055809,0.000000
0.004010,-0.060527,0.000000
0.004209,-0.072320,0.000000
0.004769,-0.089559,0.000000
0.004433,-0.111382,0.000000
0.004302,-0.136849,0.000000
0.004365,-0.159110,0.000000
0.005168,-0.173942,0.000000
0.005208,-0.181287,0.000000
0.005930,-0.179365,0.000000
0.005421,-0.167548,0.000000
0.006347,-0.151594,0.000000
0.004472,-0.131170,0.000000
0.004480,-0.108471,0.000000
0.004309,-0.087972,0.000000
0.004118,-0.071316,0.000000
0.004410,-0.060945,0.000000
0.003839,-0.055294,0.000000
0.003737,-0.057076,0.000000
0.003418,-0.064485,0.000000
0.003578,-0.079182,0.000000
0.003452,-0.097134,0.000000
0.003251,-0.117290,0.000000
0.003622,-0.136250,0.000000
0.003601,-0.146695,0.000000
0.003066,-0.145729,0.000000
0.003448,-0.140041,0.000000
0.003855,-0.122349,0.000000
0.004178,-0.098174,0.000000
0.003514,-0.071530,0.000000
0.004247,-0.044128,0.000000
0.004883,-0.016499,0.000000
0.004225,0.007125,0.000000
0.004249,0.026427,0.000000
0.005022,0.034085,0.000000
0.005469,0.035469,0.000000
0.004204,0.030073,0.000000
0.003095,0.015706,0.000000
0.003489,-0.002246,0.000000
0.004747,-0.019298,0.000000
0.004318,-0.040839,0.000000
0.003372,-0.063101,0.000000
0.003234,-0.085939,0.000000
0.003705,-0.107775,0.000000
0.004024,-0.124075,0.000000
0.005787,-0.127010,0.000000
0.005048,-0.123611,0.000000
0.004177,-0.109568,0.000000
0.005430,-0.090755,0.000000
0.005308,-0.065459,0.000000
0.005511,-0.045127,0.000000
0.005513,-0.026319,0.000000
0.006517,-0.008589,0.000000
0.006924,0.006252,0.000000
0.007699,0.018862,0.000000
0.007181,0.028622,0.000000
0.007748,0.037028,0.000000
0.008319,0.044342,0.000000
0.009295,0.050843,0.000000
0.009630,0.058034,0.000000
0.010184,0.066634,0.000000
0.010957,0.076966,0.000000
0.011546,0.088459,0.000000
0.012099,0.100928,0.000000
0.012317,0.113169,0.000000
0.012173,0.125268,0.000000
0.012838,0.134588,0.000000
0.013829,0.142479,0.000000
0.013940,0.148302,0.000000
0.013179,0.151042,0.000000
0.013183,0.150902,0.000000
0.013289,0.146888,0.000000
0.013964,0.140453,0.000000
0.014469,0.130199,0.000000
0.013726,0.116374,0.000000
0.012296,0.099269,0.000000
0.011622,0.077772,0.000000
0.011750,0.055381,0.000000
0.011538,0.031351,0.000000
0.010738,0.007960,0.000000
0.009828,-0.015283,0.000000
0.009441,-0.038468,0.000000
0.009681,-0.061076,0.000000
0.009601,-0.083061,0.000000
0.009375,-0.103687,0.000000
0.008957,-0.124148,0.000000
0.008464,-0.143188,0.000000
0.008432,-0.160839,0.000000
0.008872,-0.177503,0.000000
0.009404,-0.192249,0.000000
0.010199,-0.206607,0.000000
0.011312,-0.217517,0.000000
0.012448,-0.226480,0.000000
0.011908,-0.230700,0.000000
0.012555,-0.231589,0.000000
0.012194,-0.227069,0.000000
0.013814,-0.216136,0.000000
0.013385,-0.197402,0.000000
0.013565,-0.177541,0.000000
0.013613,-0.151262,0.000000
0.013639,-0.126669,0.000000
0.014803,-0.099031,0.000000
0.015215,-0.077038,0.000000
0.015180,-0.059860,0.000000
0.015833,-0.047413,0.000000
0.016457,-0.038148,0.000000
0.017121,-0.032018,0.000000
0.017522,-0.030979,0.000000
0.017237,-0.033673,0.000000
0.017980,-0.043353,0.000000
0.017385,-0.056315,0.000000
0.018221,-0.075446,0.000000
0.017529,-0.096936,0.000000
0.017450,-0.121050,0.000000
0.016460,-0.143167,0.000000
0.015620,-0.158976,0.000000
0.016171,-0.166434,0.000000
0.017054,-0.164396,0.000000
0.017567,-0.154027,0.000000
0.016335,-0.135401,0.000000
0.017574,-0.111850,0.000000
0.016604,-0.082827,0.000000
0.015929,-0.055888,0.000000
0.016687,-0.027945,0.000000
0.017735,-0.004340,0.000000
0.018509,0.015961,0.000000
0.018799,0.026324,0.000000
0.019507,0.027722,0.000000
0.019462,0.021833,0.000000
0.020978,0.005052,0.000000
0.021819,-0.018656,0.000000
0.022267,-0.045201,0.000000
0.022555,-0.074475,0.000000
0.021592,-0.104218,0.000000
0.021257,-0.134108,0.000000
0.021158,-0.160883,0.000000
0.021170,-0.186376,0.000000
0.021144,-0.208945,0.000000
0.021926,-0.223961,0.000000
0.021882,-0.233593,0.000000
0.020833,-0.238431,0.000000
0.019268,-0.235006,0.000000
0.020519,-0.224052,0.000000
0.019871,-0.203261,0.000000
0.021370,-0.178729,0.000000
0.021922,-0.147544,0.000000
0.022145,-0.112193,0.000000
0.022436,-0.077134,0.000000
0.022168,-0.044369,0.000000
0.021697,-0.013216,0.000000
0.021071,0.009929,0.000000
0.019733,0.023820,0.000000
0.020857,0.027923,0.000000
0.020897,0.020287,0.000000
0.021004,0.001825,0.000000
0.021020,-0.024074,0.000000
0.022391,-0.054273,0.000000
0.022590,-0.087279,0.000000
0.023068,-0.120904,0.000000
0.023416,-0.151461,0.000000
0.025263,-0.175529,0.000000
0.024755,-0.190367,0.000000
0.025063,-0.197551,0.000000
0.025327,-0.193415,0.000000
0.025753,-0.184403,0.000000
0.023365,-0.167016,0.000000
0.025877,-0.147395,0.000000
0.026261,-0.122602,0.000000
0.027417,-0.101748,0.000000
0.027947,-0.077065,0.000000
0.027735,-0.057146,0.000000
0.028482,-0.035108,0.000000
0.029051,-0.018559,0.000000
0.028780,-0.004859,0.000000
0.029135,0.003117,0.000000
0.029122,0.008736,0.000000
0.029083,0.009405,0.000000
0.029057,0.008716,0.000000
0.029159,0.006050,0.000000
0.029517,0.003460,0.000000
0.029530,-0.000687,0.000000
0.029335,-0.005561,0.000000
0.029262,-0.013469,0.000000
0.029241,-0.022860,0.000000
0.029716,-0.035578,0.000000
0.030168,-0.051395,0.000000
0.030575,-0.069696,0.000000
0.030383,-0.090500,0.000000
0.029995,-0.112568,0.000000
0.029647,-0.135444,0.000000
0.029952,-0.156559,0.000000
0.029333,-0.173904,0.000000
0.030203,-0.188256,0.000000
0.030138,-0.201149,0.000000
0.029655,-0.210863,0.000000
0.028559,-0.215676,0.000000
0.030005,-0.217723,0.000000
0.030598,-0.213943,0.000000
0.030631,-0.206843,0.000000
0.031597,-0.193284,0.000000
0.031504,-0.178399,0.000000
0.031130,-0.160778,0.000000
0.030968,-0.141817,0.000000
0.031817,-0.124408,0.000000
0.031522,-0.107322,0.000000
0.031936,-0.090142,0.000000
0.033063,-0.074671,0.000000
0.034222,-0.055523,0.000000
0.034769,-0.039786,0.000000
0.034399,-0.024001,0.000000
0.034406,-0.012055,0.000000
0.034613,-0.003436,0.000000
0.034946,0.002714,0.000000
0.035330,0.005065,0.000000
0.035316,0.006631,0.000000
0.035686,0.004640,0.000000
0.035873,0.001956,0.000000
0.036562,-0.005403,0.000000
0.037019,-0.014545,0.000000
0.037221,-0.027055,0.000000
0.037156,-0.042845,0.000000
0.036933,-0.062404,0.000000
0.036793,-0.086017,0.000000
0.037255,-0.114689,0.000000
0.037500,-0.146092,0.000000
0.037750,-0.176872,0.000000
0.037995,-0.203892,0.000000
0.037454,-0.223209,0.000000
0.037832,-0.237201,0.000000
0.037840,-0.240769,0.000000
0.039129,-0.237597,0.000000
0.038302,-0.225862,0.000000
0.038647,-0.211878,0.000000
0.036977,-0.190327,0.000000
0.035853,-0.169668,0.000000
0.036029,-0.146849,0.000000
0.036113,-0.126416,0.000000
0.037798,-0.105135,0.000000
0.038656,-0.088973,0.000000
0.038282,-0.071104,0.000000
0.039204,-0.055770,0.000000
0.039941,-0.039377,0.000000
0.041035,-0.023860,0.000000
0.041969,-0.008635,0.000000
0.041815,0.007329,0.000000
0.041017,0.022371,0.000000
0.040045,0.034271,0.000000
0.038986,0.043469,0.000000
0.038656,0.048872,0.000000
0.038887,0.050987,0.000000
0.039385,0.050269,0.000000
0.039325,0.048373,0.000000
0.038993,0.045854,0.000000
0.038024,0.041941,0.000000
0.036759,0.038605,0.000000
0.036248,0.033807,0.000000
0.036537,0.028002,0.000000
0.037095,0.019255,0.000000
0.036728,0.007850,0.000000
0.036300,-0.007870,0.000000
0.035518,-0.030117,0.000000
0.034258,-0.056913,0.000000
0.034576,-0.087284,0.000000
0.034905,-0.117684,0.000000
0.035659,-0.143177,0.000000
0.037821,-0.162393,0.000000
0.037183,-0.169388,0.000000
0.036790,-0.174395,0.000000
0.034044,-0.166334,0.000000
0.035210,-0.156603,0.000000
0.034343,-0.138970,0.000000
0.035634,-0.124463,0.000000
0.034618,-0.105207,0.000000
0.035370,-0.091981,0.000000
0.035333,-0.080869,0.000000
0.035890,-0.077744,0.000000
0.036291,-0.080904,0.000000
0.035960,-0.091281,0.000000
0.036091,-0.107777,0.000000
0.036259,-0.130820,0.000000
0.036907,-0.155545,0.000000
0.038836,-0.179408,0.000000
0.040372,-0.194776,0.000000
0.040652,-0.197865,0.000000
0.040853,-0.193395,0.000000
0.039604,-0.177727,0.000000
0.037210,-0.156732,0.000000
0.036880,-0.130792,0.000000
0.038735,-0.103983,0.000000
0.037755,-0.074358,0.000000
0.037552,-0.049033,0.000000
0.036848,-0.026184,0.000000
0.036138,-0.008988,0.000000
0.035788,0.000746,0.000000
0.035706,0.003223,0.000000
0.035845,-0.003139,0.000000
0.035884,-0.015025,0.000000
0.035245,-0.032738,0.000000
0.035096,-0.055125,0.000000
0.035356,-0.078420,0.000000
0.036794,-0.095716,0.000000
0.038591,-0.112120,0.000000
0.038092,-0.125381,0.000000
0.038306,-0.135254,0.000000
0.038358,-0.139738,0.000000
0.037425,-0.137662,0.000000
0.039253,-0.130533,0.000000
0.039811,-0.116756,0.000000
0.039456,-0.103240,0.000000
0.038647,-0.085519,0.000000
0.038111,-0.068797,0.000000
0.038545,-0.050737,0.000000
0.039943,-0.036629,0.000000
0.041181,-0.022144,0.000000
0.043333,-0.008960,0.000000
0.044497,0.003923,0.000000
0.045119,0.016279,0.000000
0.045265,0.028009,0.000000
0.046061,0.039653,0.000000
0.045719,0.049784,0.000000
0.045682,0.059809,0.000000
0.045472,0.067618,0.000000
0.045173,0.074275,0.000000
0.045108,0.077614,0.000000
0.044959,0.078444,0.000000
0.045373,0.077302,0.000000
0.045603,0.073232,0.000000
0.044969,0.065066,0.000000
0.044650,0.052304,0.000000
0.044784,0.033172,0.000000
0.044959,0.008109,0.000000
0.044221,-0.022474,0.000000
0.045137,-0.055507,0.000000
0.045348,-0.086417,0.000000
0.046107,-0.114445,0.000000
0.046034,-0.138001,0.000000
0.044508,-0.156361,0.000000
0.043357,-0.171073,0.000000
0.043262,-0.179997,0.000000
0.043645,-0.182153,0.000000
0.044210,-0.181370,0.000000
0.041958,-0.172114,0.000000
0.042327,-0.159495,0.000000
0.042945,-0.137682,0.000000
0.044202,-0.121052,0.000000
0.043972,-0.099640,0.000000
0.044222,-0.077541,0.000000
0.044409,-0.056006,0.000000
0.044287,-0.038831,0.000000
0.044373,-0.027361,0.000000
0.044936,-0.025196,0.000000
0.044983,-0.028712,0.000000
0.044266,-0.038897,0.000000
0.044717,-0.056306,0.000000
0.045366,-0.079066,0.000000
0.046307,-0.101126,0.000000
0.046884,-0.124994,0.000000
0.047106,-0.147928,0.000000
0.046984,-0.171043,0.000000
0.046149,-0.190043,0.000000
0.045833,-0.208765,0.000000
0.046262,-0.223057,0.000000
0.046918,-0.235053,0.000000
0.046739,-0.240846,0.000000
0.046376,-0.244148,0.000000
0.046241,-0.241590,0.000000
0.046096,-0.233610,0.000000
0.045973,-0.221442,0.000000
0.044310,-0.201558,0.000000
0.045493,-0.181654,0.000000
0.047057,-0.152464,0.000000
0.048414,-0.127979,0.000000
0.048076,-0.105116,0.000000
0.048498,-0.082862,0.000000
0.048564,-0.059502,0.000000
0.048429,-0.038426,0.000000
0.048500,-0.019389,0.000000
0.048137,-0.002674,0.000000
0.047625,0.008620,0.000000
0.047412,0.015827,0.000000
0.047718,0.017179,0.000000
0.047507,0.015850,0.000000
0.047522,0.010864,0.000000
0.047008,0.003067,0.000000
0.046474,-0.009175,0.000000
0.045313,-0.026001,0.000000
0.044657,-0.046727,0.000000
0.044670,-0.068458,0.000000
0.044832,-0.088973,0.000000
0.045274,-0.105523,0.000000
0.045133,-0.115587,0.000000
0.043246,-0.120410,0.000000
0.042734,-0.119625,0.000000
0.042263,-0.114904,0.000000
0.042298,-0.107347,0.000000
0.043199,-0.099269,0.000000
0.044335,-0.088462,0.000000
0.045428,-0.077658,0.000000
0.045206,-0.065112,0.000000
0.044889,-0.049563,0.000000
0.044948,-0.033412,0.000000
0.045832,-0.015125,0.000000
0.046298,0.002377,0.000000
0.046095,0.020017,0.000000
0.045847,0.034139,0.000000
0.045555,0.047045,0.000000
0.045964,0.057474,0.000000
0.046444,0.066254,0.000000
0.046348,0.073485,0.000000
0.046411,0.077434,0.000000
0.046647,0.077079,0.000000
0.046918,0.071339,0.000000
0.048037,0.059658,0.000000
0.048365,0.043025,0.000000
0.047988,0.024443,0.000000
0.048415,0.003295,0.000000
0.047767,-0.018934,0.000000
0.047191,-0.041503,0.000000
0.046711,-0.065244,0.000000
0.046211,-0.087880,0.000000
0.046060,-0.108964,0.000000
0.046414,-0.125450,0.000000
0.045969,-0.138573,0.000000
0.044069,-0.148293,0.000000
0.044483,-0.154815,0.000000
0.044933,-0.156351,0.000000
0.043977,-0.155761,0.000000
0.042343,-0.153035,0.000000
0.041643,-0.148607,0.000000
0.042530,-0.140361,0.000000
0.043454,-0.130369,0.000000
0.045100,-0.118058,0.000000
0.046086,-0.103425,0.000000
0.045581,-0.086283,0.000000
0.044934,-0.068379,0.000000
0.044245,-0.047177,0.000000
0.045063,-0.027681,0.000000
0.045129,-0.010990,0.000000
0.045817,-0.000229,0.000000
0.045080,0.006205,0.000000
0.043876,0.008568,0.000000
0.042978,0.007487,0.000000
0.043322,0.005424,0.000000
0.044494,0.002426,0.000000
0.045340,-0.002788,0.000000
0.045386,-0.008071,0.000000
0.044708,-0.017579,0.000000
0.042841,-0.031049,0.000000
0.042411,-0.046284,0.000000
0.042229,-0.067436,0.000000
0.042169,-0.090484,0.000000
0.042909,-0.110572,0.000000
0.044896,-0.127696,0.000000
0.045727,-0.135213,0.000000
0.044242,-0.137674,0.000000
0.044316,-0.132103,0.000000
0.045282,-0.120118,0.000000
0.045257,-0.104300,0.000000
0.045059,-0.087841,0.000000
0.044967,-0.064741,0.000000
0.046048,-0.045295,0.000000
0.045543,-0.027446,0.000000
0.045912,-0.016001,0.000000
0.046295,-0.010937,0.000000
0.046711,-0.012325,0.000000
0.046243,-0.019691,0.000000
0.044849,-0.032453,0.000000
0.044317,-0.049108,0.000000
0.044024,-0.066715,0.000000
0.044568,-0.083687,0.000000
0.045592,-0.101656,0.000000
0.046308,-0.118322,0.000000
0.046422,-0.137225,0.000000
0.045567,-0.154583,0.000000
0.045603,-0.173582,0.000000
0.044462,-0.191481,0.000000
0.043916,-0.208354,0.000000
0.043614,-0.222414,0.000000
0.044253,-0.234122,0.000000
0.044935,-0.240747,0.000000
0.045230,-0.243779,0.000000
0.045586,-0.240667,0.000000
0.046039,-0.230503,0.000000
0.047761,-0.213934,0.000000
0.046026,-0.192901,0.000000
0.044164,-0.169441,0.000000
0.042942,-0.146241,0.000000
0.043541,-0.122461,0.000000
0.044400,-0.098812,0.000000
0.045615,-0.074916,0.000000
0.046163,-0.052873,0.000000
0.046861,-0.031890,0.000000
0.046822,-0.012691,0.000000
0.046530,0.004538,0.000000
0.046804,0.017853,0.000000
0.046953,0.028231,0.000000
0.048177,0.033264,0.000000
0.048692,0.033269,0.000000
0.048597,0.026743,0.000000
0.048160,0.013865,0.000000
0.047742,-0.002620,0.000000
0.048407,-0.026619,0.000000
0.048188,-0.051293,0.000000
0.047913,-0.073533,0.000000
0.048154,-0.092842,0.000000
0.048513,-0.108766,0.000000
0.048600,-0.121980,0.000000
0.048347,-0.132237,0.000000
0.047722,-0.138872,0.000000
0.048751,-0.142618,0.000000
0.049757,-0.140672,0.000000
0.049762,-0.134556,0.000000
0.048531,-0.125673,0.000000
0.048117,-0.114810,0.000000
0.048350,-0.102325,0.000000
0.048400,-0.092238,0.000000
0.049183,-0.085864,0.000000
0.050717,-0.083827,0.000000
0.052249,-0.086383,0.000000
0.052989,-0.094627,0.000000
0.052750,-0.108127,0.000000
0.052138,-0.126097,0.000000
0.051316,-0.146447,0.000000
0.051449,-0.166954,0.000000
0.051232,-0.182765,0.000000
0.050302,-0.193390,0.000000
0.051352,-0.198174,0.000000
0.049528,-0.194669,0.000000
0.050754,-0.186090,0.000000
0.048972,-0.168745,0.000000
0.049686,-0.154214,0.000000
0.048703,-0.131099,0.000000
0.049638,-0.111544,0.000000
0.050005,-0.087434,0.000000
0.051574,-0.071388,0.000000
0.052085,-0.055931,0.000000
0.052062,-0.048881,0.000000
0.052107,-0.045321,0.000000
0.051913,-0.049710,0.000000
0.051169,-0.055363,0.000000
0.051634,-0.067968,0.000000
0.051050,-0.081543,0.000000
0.051536,-0.096137,0.000000
0.051354,-0.107916,0.000000
0.050099,-0.120180,0.000000
0.049725,-0.131938,0.000000
0.049418,-0.144308,0.000000
0.049008,-0.156207,0.000000
0.048750,-0.168081,0.000000
0.049067,-0.179947,0.000000
0.049176,-0.189672,0.000000
0.048610,-0.198786,0.000000
0.048092,-0.204178,0.000000
0.047505,-0.207142,0.000000
0.047980,-0.204166,0.000000
0.048882,-0.198588,0.000000
0.050068,-0.187068,0.000000
0.051037,-0.170552,0.000000
0.048909,-0.150030,0.000000
0.047163,-0.127143,0.000000
0.047130,-0.100020,0.000000
0.047462,-0.074625,0.000000
0.049254,-0.050146,0.000000
0.050081,-0.030350,0.000000
0.049521,-0.016972,0.000000
0.049617,-0.010630,0.000000
0.048671,-0.009701,0.000000
0.048685,-0.016811,0.000000
0.047899,-0.029319,0.000000
0.048071,-0.046203,0.000000
0.048411,-0.067541,0.000000
0.048789,-0.087750,0.000000
0.048660,-0.107542,0.000000
0.048478,-0.128155,0.000000
0.048082,-0.147688,0.000000
0.047531,-0.166864,0.000000
0.048060,-0.178415,0.000000
0.048543,-0.192042,0.000000
0.049011,-0.204282,0.000000
0.047965,-0.212176,0.000000
0.047659,-0.217815,0.000000
0.047417,-0.220100,0.000000
0.048516,-0.220404,0.000000
0.048604,-0.218671,0.000000
0.047630,-0.214965,0.000000
0.047720,-0.209165,0.000000
0.048467,-0.200894,0.000000
0.049087,-0.187919,0.000000
0.050207,-0.171063,0.000000
0.050123,-0.150858,0.000000
0.048883,-0.127499,0.000000
0.050295,-0.105205,0.000000
0.050303,-0.085443,0.000000
0.050030,-0.070060,0.000000
0.051139,-0.060781,0.000000
0.050835,-0.058922,0.000000
0.050360,-0.063168,0.000000
0.049871,-0.071932,0.000000
0.049590,-0.088499,0.000000
0.049575,-0.105154,0.000000
0.050375,-0.122487,0.000000
0.050935,-0.137843,0.000000
0.051947,-0.148944,0.000000
0.052893,-0.159176,0.000000
0.052269,-0.165765,0.000000
0.052388,-0.168356,0.000000
0.051957,-0.167297,0.000000
0.053444,-0.159796,0.000000
0.052291,-0.149073,0.000000
0.051231,-0.136548,0.000000
0.050877,-0.124344,0.000000
0.051210,-0.113293,0.000000
0.051141,-0.106291,0.000000
0.050698,-0.103115,0.000000
0.050136,-0.105515,0.000000
0.049836,-0.110776,0.000000
0.049739,-0.118836,0.000000
0.049959,-0.126744,0.000000
0.050840,-0.133024,0.000000
0.050916,-0.135956,0.000000
0.049887,-0.132395,0.000000
0.050192,-0.127187,0.000000
0.049974,-0.117970,0.000000
0.048978,-0.109625,0.000000
0.048348,-0.100992,0.000000
0.047200,-0.097163,0.000000
0.046307,-0.093994,0.000000
0.046728,-0.097503,0.000000
0.047143,-0.105852,0.000000
0.048385,-0.120196,0.000000
0.048554,-0.138151,0.000000
0.048854,-0.158498,0.000000
0.048546,-0.177366,0.000000
0.047647,-0.192983,0.000000
0.047044,-0.206416,0.000000
0.047178,-0.211681,0.000000
0.046482,-0.212650,0.000000
0.046808,-0.200499,0.000000
0.047087,-0.181641,0.000000
0.048863,-0.153128,0.000000
0.048376,-0.123093,0.000000
0.046809,-0.090180,0.000000
0.046852,-0.055577,0.000000
0.046509,-0.027756,0.000000
0.046515,-0.006792,0.000000
0.045792,0.002034,0.000000
0.046064,0.005256,0.000000
0.046238,-0.003085,0.000000
0.045968,-0.017277,0.000000
0.046637,-0.036707,0.000000
0.046842,-0.058407,0.000000
0.045918,-0.084412,0.000000
0.044288,-0.110608,0.000000
0.042237,-0.136408,0.000000
0.041090,-0.158009,0.000000
0.042239,-0.174726,0.000000
0.044156,-0.180396,0.000000
0.043442,-0.183974,0.000000
0.042732,-0.176731,0.000000
0.042167,-0.168498,0.000000
0.041832,-0.148332,0.000000
0.042252,-0.133746,0.000000
0.040860,-0.111165,0.000000
0.042421,-0.088538,0.000000
0.042563,-0.063895,0.000000
0.043128,-0.040811,0.000000
0.043174,-0.019479,0.000000
0.042813,-0.003824,0.000000
0.043756,0.002776,0.000000
0.042959,0.003661,0.000000
0.043477,-0.005874,0.000000
0.043238,-0.018276,0.000000
0.042677,-0.034935,0.000000
0.042346,-0.052906,0.000000
0.041652,-0.074790,0.000000
0.041036,-0.098112,0.000000
0.040586,-0.122345,0.000000
0.041019,-0.141470,0.000000
0.041375,-0.157055,0.000000
0.042193,-0.160407,0.000000
0.043010,-0.157242,0.000000
0.041333,-0.144588,0.000000
0.041460,-0.130017,0.000000
0.040851,-0.106801,0.000000
0.041676,-0.086235,0.000000
0.042816,-0.064926,0.000000
0.043728,-0.044697,0.000000
0.044003,-0.025877,0.000000
0.044158,-0.009194,0.000000
0.044474,0.005251,0.000000
0.045562,0.017264,0.000000
0.046168,0.028202,0.000000
0.046769,0.039260,0.000000
0.045570,0.049779,0.000000
0.044667,0.058961,0.000000
0.044002,0.066267,0.000000
0.043786,0.070581,0.000000
0.044275,0.070388,0.000000
0.045075,0.064364,0.000000
0.044670,0.053855,0.000000
0.044997,0.039428,0.000000
0.044905,0.019911,0.000000
0.044694,0.002844,0.000000
0.045394,-0.013479,0.000000
0.045483,-0.028989,0.000000
0.046226,-0.044173,0.000000
0.045744,-0.057884,0.000000
0.044508,-0.070313,0.000000
0.042655,-0.081190,0.000000
0.040924,-0.090279,0.000000
0.039953,-0.099356,0.000000
0.040466,-0.107179,0.000000
0.041483,-0.112775,0.000000
0.041304,-0.116334,0.000000
0.041138,-0.116509,0.000000
0.040249,-0.112686,0.000000
0.039372,-0.107526,0.000000
0.039244,-0.103054,0.000000
0.039525,-0.101179,0.000000
0.039812,-0.101447,0.000000
0.039914,-0.104904,0.000000
0.040961,-0.111782,0.000000
0.040330,-0.119352,0.000000
0.040287,-0.127222,0.000000
0.040452,-0.131462,0.000000
0.041577,-0.132629,0.000000
0.041482,-0.128161,0.000000
0.041706,-0.121265,0.000000
0.040770,-0.111193,0.000000
0.039669,-0.098750,0.000000
0.040481,-0.087373,0.000000
0.040102,-0.075709,0.000000
0.039370,-0.068364,0.000000
0.038934,-0.065254,0.000000
0.039591,-0.067252,0.000000
0.040198,-0.073734,0.000000
0.040605,-0.082523,0.000000
0.040911,-0.092355,0.000000
0.041081,-0.101633,0.000000
0.040943,-0.108655,0.000000
0.041050,-0.113387,0.000000
0.041654,-0.113332,0.000000
0.041943,-0.110156,0.000000
0.041576,-0.101344,0.000000
0.042340,-0.090765,0.000000
0.042153,-0.074760,0.000000
0.042074,-0.057786,0.000000
0.042287,-0.039865,0.000000
0.041927,-0.027489,0.000000
0.041480,-0.021830,0.000000
0.041218,-0.022374,0.000000
0.041576,-0.027638,0.000000
0.041729,-0.035754,0.000000
0.042291,-0.046443,0.000000
0.042553,-0.056742,0.000000
0.042663,-0.068008,0.000000
0.042475,-0.078636,0.000000
0.042759,-0.089790,0.000000
0.042634,-0.099618,0.000000
0.042513,-0.110508,0.000000
0.042260,-0.119270,0.000000
0.042031,-0.127915,0.000000
0.041948,-0.134543,0.000000
0.041777,-0.142263,0.000000
0.041600,-0.147778,0.000000
0.041539,-0.154657,0.000000
0.041282,-0.160122,0.000000
0.040574,-0.166362,0.000000
0.039312,-0.171797,0.000000
0.039001,-0.178608,0.000000
0.039426,-0.185914,0.000000
0.040758,-0.193189,0.000000
0.041431,-0.201232,0.000000
0.041213,-0.208276,0.000000
0.040386,-0.212965,0.000000
0.039097,-0.216528,0.000000
0.039007,-0.219700,0.000000
0.039414,-0.221527,0.000000
0.040662,-0.222162,0.000000
0.040591,-0.222332,0.000000
0.039124,-0.221957,0.000000
0.037228,-0.221072,0.000000
0.036038,-0.220717,0.000000
0.036167,-0.220725,0.000000
0.037416,-0.220137,0.000000
0.038646,-0.220997,0.000000
0.038949,-0.221100,0.000000
0.039250,-0.223610,0.000000
0.039170,-0.225918,0.000000
0.038990,-0.229730,0.000000
0.037931,-0.232791,0.000000
0.037912,-0.235610,0.000000
0.037892,-0.238127,0.000000
0.038837,-0.241065,0.000000
0.039733,-0.244117,0.000000
0.039379,-0.247279,0.000000
0.039467,-0.252143,0.000000
0.039239,-0.257734,0.000000
0.038776,-0.264602,0.000000
0.039548,-0.273140,0.000000
0.040790,-0.281959,0.000000
0.041462,-0.290945,0.000000
0.040680,-0.298387,0.000000
0.039267,-0.303473,0.000000
0.038357,-0.304678,0.000000
0.038457,-0.302598,0.000000
0.038762,-0.296587,0.000000
0.039109,-0.281675,0.000000
0.041709,-0.260868,0.000000
0.042670,-0.235348,0.000000
0.040951,-0.207976,0.000000
0.041216,-0.181311,0.000000
0.040006,-0.154359,0.000000
0.040257,-0.130240,0.000000
0.041505,-0.106121,0.000000
0.042439,-0.085443,0.000000
0.043893,-0.066894,0.000000
0.044725,-0.053262,0.000000
0.045061,-0.043043,0.000000
0.044978,-0.034611,0.000000
0.044973,-0.027987,0.000000
0.044827,-0.022546,0.000000
0.045152,-0.019738,0.000000
0.045773,-0.019859,0.000000
0.046682,-0.024393,0.000000
0.047077,-0.033338,0.000000
0.047223,-0.044873,0.000000
0.047185,-0.058922,0.000000
0.047023,-0.071797,0.000000
0.047339,-0.083933,0.000000
0.047452,-0.091222,0.000000
0.047942,-0.095814,0.000000
0.047478,-0.095252,0.000000
0.047115,-0.091682,0.000000
0.046778,-0.082258,0.000000
0.047852,-0.067149,0.000000
0.047485,-0.047833,0.000000
0.046459,-0.029271,0.000000
0.045149,-0.011347,0.000000
0.044783,0.005548,0.000000
0.045255,0.014746,0.000000
0.045471,0.019991,0.000000
0.046005,0.015912,0.000000
0.046465,0.007283,0.000000
0.047323,-0.005713,0.000000
0.047868,-0.021218,0.000000
0.047010,-0.040574,0.000000
0.045954,-0.062561,0.000000
0.045429,-0.085024,0.000000
0.045602,-0.107488,0.000000
0.046056,-0.127869,0.000000
0.047181,-0.144846,0.000000
0.047824,-0.157219,0.000000
0.048554,-0.164987,0.000000
0.047665,-0.167887,0.000000
0.046548,-0.165830,0.000000
0.046833,-0.152201,0.000000
0.046410,-0.134772,0.000000
0.046869,-0.117414,0.000000
0.047435,-0.097020,0.000000
0.047478,-0.075713,0.000000
0.047826,-0.057661,0.000000
0.048692,-0.042410,0.000000
0.048639,-0.030261,0.000000
0.048577,-0.022311,0.000000
0.048765,-0.018914,0.000000
0.048112,-0.021018,0.000000
0.047111,-0.028702,0.000000
0.047612,-0.041634,0.000000
0.047632,-0.054647,0.000000
0.048283,-0.070934,0.000000
0.048267,-0.086783,0.000000
0.048962,-0.102313,0.000000
0.049068,-0.114519,0.000000
0.049311,-0.122309,0.000000
0.049293,-0.122338,0.000000
0.048929,-0.115670,0.000000
0.048662,-0.105002,0.000000
0.047615,-0.087317,0.000000
0.046729,-0.065924,0.000000
0.046869,-0.044816,0.000000
0.047267,-0.025278,0.000000
0.047341,-0.012946,0.000000
0.046972,-0.004381,0.000000
0.046581,0.000235,0.000000
0.047176,-0.002235,0.000000
0.047999,-0.011193,0.000000
0.048985,-0.021026,0.000000
0.049245,-0.031188,0.000000
0.048949,-0.044023,0.000000
0.048499,-0.059295,0.000000
0.048072,-0.073981,0.000000
0.048115,-0.088023,0.000000
0.048813,-0.099563,0.000000
0.049088,-0.110080,0.000000
0.049501,-0.119338,0.000000
0.049270,-0.129301,0.000000
0.049357,-0.140203,0.000000
0.049855,-0.151751,0.000000
0.050884,-0.163416,0.000000
0.051979,-0.176744,0.000000
0.052622,-0.187431,0.000000
0.052519,-0.197691,0.000000
0.051441,-0.202460,0.000000
0.051455,-0.205695,0.000000
0.050654,-0.203649,0.000000
0.050012,-0.201341,0.000000
0.049706,-0.196776,0.000000
0.049521,-0.191811,0.000000
0.048678,-0.185913,0.000000
0.047518,-0.182672,0.000000
0.047160,-0.180541,0.000000
0.046239,-0.180161,0.000000
0.045523,-0.182662,0.000000
0.045718,-0.189475,0.000000
0.046531,-0.196542,0.000000
0.047683,-0.203754,0.000000
0.050001,-0.208231,0.000000
0.051102,-0.206793,0.000000
0.049400,-0.199180,0.000000
0.048247,-0.184068,0.000000
0.046775,-0.166151,0.000000
0.045398,-0.146547,0.000000
0.045746,-0.122090,0.000000
0.046499,-0.101344,0.000000
0.046958,-0.080087,0.000000
0.048246,-0.060378,0.000000
0.048897,-0.041135,0.000000
0.048800,-0.021840,0.000000
0.048498,-0.004489,0.000000
0.047720,0.007887,0.000000
0.048432,0.017251,0.000000
0.049629,0.022733,0.000000
0.050844,0.021604,0.000000
0.051565,0.017101,0.000000
0.051305,0.009308,0.000000
0.049557,0.001475,0.000000
0.048235,-0.009203,0.000000
0.047579,-0.018970,0.000000
0.047774,-0.025951,0.000000
0.048936,-0.029581,0.000000
0.049840,-0.029356,0.000000
0.051334,-0.026580,0.000000
0.052164,-0.019553,0.000000
0.051380,-0.010020,0.000000
0.050531,0.002139,0.000000
0.049800,0.015628,0.000000
0.049651,0.031990,0.000000
0.050251,0.048400,0.000000
0.050921,0.065395,0.000000
0.051202,0.081168,0.000000
0.051484,0.095518,0.000000
0.051798,0.107635,0.000000
0.052325,0.115609,0.000000
0.052710,0.119218,0.000000
0.053000,0.119319,0.000000
0.052546,0.113029,0.000000
0.052683,0.102981,0.000000
0.052635,0.088871,0.000000
0.052519,0.072604,0.000000
0.052626,0.049435,0.000000
0.052466,0.027745,0.000000
0.052282,0.003035,0.000000
0.052029,-0.021597,0.000000
0.051903,-0.047179,0.000000
0.052594,-0.069860,0.000000
0.052807,-0.088846,0.000000
0.053936,-0.101700,0.000000
0.054134,-0.105674,0.000000
0.052381,-0.103429,0.000000
0.050828,-0.093656,0.000000
0.049720,-0.077164,0.000000
0.049055,-0.060365,0.000000
0.048072,-0.044076,0.000000
0.048951,-0.033898,0.000000
0.048954,-0.026981,0.000000
0.049878,-0.027994,0.000000
0.049507,-0.029609,0.000000
0.050001,-0.039186,0.000000
0.049809,-0.043005,0.000000
0.049905,-0.049314,0.000000
0.049965,-0.051718,0.000000
0.049468,-0.056375,0.000000
0.049202,-0.059975,0.000000
0.049311,-0.067381,0.000000
0.049897,-0.074809,0.000000
0.050336,-0.084115,0.000000
0.050716,-0.092666,0.000000
0.050502,-0.100529,0.000000
0.050155,-0.103631,0.000000
0.049182,-0.104323,0.000000
0.048747,-0.102016,0.000000
0.048836,-0.096748,0.000000
0.048857,-0.089011,0.000000
0.048692,-0.079861,0.000000
0.048299,-0.069977,0.000000
0.048812,-0.058879,0.000000
0.049442,-0.046540,0.000000
0.049834,-0.036149,0.000000
0.050002,-0.028510,0.000000
0.049558,-0.024993,0.000000
0.049806,-0.024618,0.000000
0.049868,-0.028906,0.000000
0.049971,-0.035422,0.000000
0.049985,-0.043442,0.000000
0.049957,-0.050669,0.000000
0.050199,-0.058562,0.000000
0.050157,-0.067300,0.000000
0.050014,-0.076324,0.000000
0.049944,-0.085780,0.000000
0.050220,-0.095076,0.000000
0.050342,-0.102532,0.000000
0.050546,-0.108028,0.000000
0.050205,-0.111916,0.000000
0.049773,-0.114090,0.000000
0.050183,-0.113195,0.000000
0.050567,-0.110224,0.000000
0.050359,-0.106877,0.000000
0.050237,-0.102488,0.000000
0.051230,-0.097168,0.000000
0.051346,-0.090000,0.000000
0.051794,-0.083179,0.000000
0.052008,-0.077419,0.000000
0.051509,-0.072772,0.000000
0.050267,-0.069931,0.000000
0.049445,-0.070245,0.000000
0.049616,-0.073577,0.000000
0.051386,-0.079904,0.000000
0.052106,-0.086940,0.000000
0.052130,-0.093265,0.000000
0.051126,-0.098324,0.000000
0.049058,-0.101423,0.000000
0.047586,-0.103206,0.000000
0.047820,-0.104866,0.000000
0.048945,-0.104994,0.000000
0.049903,-0.106321,0.000000
0.049895,-0.107158,0.000000
0.048908,-0.108671,0.000000
0.048349,-0.114213,0.000000
0.047665,-0.122786,0.000000
0.047987,-0.135824,0.000000
0.047677,-0.149652,0.000000
0.048536,-0.164034,0.000000
0.048005,-0.171854,0.000000
0.048086,-0.179501,0.000000
0.046370,-0.179995,0.000000
0.046099,-0.179102,0.000000
0.044140,-0.171452,0.000000
0.046061,-0.165295,0.000000
0.046975,-0.151418,0.000000
0.047784,-0.135285,0.000000
0.048327,-0.117560,0.000000
0.048626,-0.098880,0.000000
0.047210,-0.076938,0.000000
0.046951,-0.056341,0.000000
0.046677,-0.036132,0.000000
0.047141,-0.017948,0.000000
0.047480,-0.001670,0.000000
0.048433,0.011353,0.000000
0.049045,0.023992,0.000000
0.048841,0.033616,0.000000
0.048334,0.039876,0.000000
0.047805,0.040592,0.000000
0.047653,0.038170,0.000000
0.046846,0.028509,0.000000
0.047843,0.011353,0.000000
0.048699,-0.006785,0.000000
0.049371,-0.028532,0.000000
0.049081,-0.051848,0.000000
0.048376,-0.075664,0.000000
0.047726,-0.097910,0.000000
0.046608,-0.118856,0.000000
0.046289,-0.135377,0.000000
0.045741,-0.151962,0.000000
0.045410,-0.167424,0.000000
0.045031,-0.183424,0.000000
0.044978,-0.196304,0.000000
0.045110,-0.209846,0.000000
0.045293,-0.222077,0.000000
0.045821,-0.235697,0.000000
0.046165,-0.247009,0.000000
0.047154,-0.259181,0.000000
0.046767,-0.270031,0.000000
0.047138,-0.283509,0.000000
0.046783,-0.293825,0.000000
0.045361,-0.305499,0.000000
0.045440,-0.317611,0.000000
0.044971,-0.328663,0.000000
0.044531,-0.338230,0.000000
0.044321,-0.345171,0.000000
0.046389,-0.351468,0.000000
0.045509,-0.353375,0.000000
0.045099,-0.353523,0.000000
0.044837,-0.350296,0.000000
0.045100,-0.342883,0.000000
0.046245,-0.332013,0.000000
0.046811,-0.311610,0.000000
0.046880,-0.292961,0.000000
0.046656,-0.263418,0.000000
0.046521,-0.232720,0.000000
0.046509,-0.196580,0.000000
0.048295,-0.163607,0.000000
0.047736,-0.133971,0.000000
0.047244,-0.110812,0.000000
0.047149,-0.094651,0.000000
0.047388,-0.086514,0.000000
0.047166,-0.085192,0.000000
0.048325,-0.093134,0.000000
0.049553,-0.104176,0.000000
0.049902,-0.117805,0.000000
0.049093,-0.133263,0.000000
0.047526,-0.148943,0.000000
0.046745,-0.165709,0.000000
0.045864,-0.173357,0.000000
0.047459,-0.180949,0.000000
0.046543,-0.179824,0.000000
0.047820,-0.176189,0.000000
0.048239,-0.167174,0.000000
0.047297,-0.150691,0.000000
0.047304,-0.133175,0.000000
0.047043,-0.110206,0.000000
0.047437,-0.090198,0.000000
0.047508,-0.068606,0.000000
0.048570,-0.049788,0.000000
0.048413,-0.032081,0.000000
0.046859,-0.017768,0.000000
0.046820,-0.007776,0.000000
0.046987,-0.001270,0.000000
0.047731,0.003762,0.000000
0.049255,0.005385,0.000000
0.051103,0.003191,0.000000
0.052214,-0.001579,0.000000
0.051260,-0.007488,0.000000
0.049682,-0.016369,0.000000
0.048256,-0.026316,0.000000
0.047433,-0.040597,0.000000
0.047358,-0.058153,0.000000
0.048010,-0.074781,0.000000
0.048534,-0.090685,0.000000
0.048392,-0.108177,0.000000
0.047653,-0.125769,0.000000
0.046953,-0.143879,0.000000
0.046614,-0.160302,0.000000
0.046461,-0.175081,0.000000
0.046810,-0.186711,0.000000
0.047153,-0.193126,0.000000
0.047275,-0.188898,0.000000
0.047335,-0.180129,0.000000
0.045946,-0.162595,0.000000
0.046485,-0.142136,0.000000
0.048088,-0.117952,0.000000
0.048209,-0.091129,0.000000
0.047997,-0.066488,0.000000
0.048033,-0.043532,0.000000
0.048404,-0.025424,0.000000
0.047947,-0.012081,0.000000
0.048876,-0.004084,0.000000
0.049523,-0.001243,0.000000
0.050547,-0.000023,0.000000
0.051642,-0.001814,0.000000
0.052073,-0.003794,0.000000
0.051320,-0.010460,0.000000
0.050424,-0.018400,0.000000
0.049633,-0.028506,0.000000
0.049675,-0.040075,0.000000
0.049956,-0.053425,0.000000
0.050548,-0.065256,0.000000
0.051006,-0.077623,0.000000
0.050450,-0.089688,0.000000
0.049244,-0.102419,0.000000
0.047914,-0.116011,0.000000
0.047250,-0.127249,0.000000
0.047159,-0.135516,0.000000
0.047129,-0.138455,0.000000
0.046832,-0.137688,0.000000
0.046803,-0.130685,0.000000
0.046421,-0.122304,0.000000
0.046872,-0.107491,0.000000
0.046796,-0.090783,0.000000
0.046445,-0.071370,0.000000
0.046874,-0.050524,0.000000
0.046030,-0.029382,0.000000
0.046230,-0.010766,0.000000
0.046672,0.002691,0.000000
0.046575,0.012639,0.000000
0.047990,0.016423,0.000000
0.048406,0.014865,0.000000
0.048205,0.007470,0.000000
0.047224,-0.001989,0.000000
0.048205,-0.013122,0.000000
0.048148,-0.023974,0.000000
0.047786,-0.037130,0.000000
0.048059,-0.050256,0.000000
0.047788,-0.065160,0.000000
0.046704,-0.081262,0.000000
0.045490,-0.098454,0.000000
0.044423,-0.113159,0.000000
0.043694,-0.126527,0.000000
0.043934,-0.135862,0.000000
0.044860,-0.138925,0.000000
0.046011,-0.140071,0.000000
0.046881,-0.134061,0.000000
0.046834,-0.124021,0.000000
0.046290,-0.110960,0.000000
0.045940,-0.094169,0.000000
0.045542,-0.074280,0.000000
0.047696,-0.055208,0.000000
0.049573,-0.034994,0.000000
0.050386,-0.016616,0.000000
0.051313,0.000412,0.000000
0.051333,0.012571,0.000000
0.050136,0.020966,0.000000
0.049290,0.025032,0.000000
0.048688,0.024750,0.000000
0.049204,0.019335,0.000000
0.049901,0.008628,0.000000
0.049828,-0.004055,0.000000
0.048877,-0.018237,0.000000
0.047726,-0.035788,0.000000
0.046507,-0.054115,0.000000
0.046284,-0.071157,0.000000
0.046746,-0.087959,0.000000
0.046956,-0.105315,0.000000
0.046502,-0.121907,0.000000
0.045421,-0.140064,0.000000
0.044655,-0.153705,0.000000
0.043824,-0.166577,0.000000
0.044313,-0.171963,0.000000
0.045839,-0.172237,0.000000
0.045851,-0.166708,0.000000
0.047074,-0.157087,0.000000
0.044481,-0.139858,0.000000
0.046249,-0.125766,0.000000
0.045809,-0.107721,0.000000
0.046886,-0.092198,0.000000
0.049027,-0.079800,0.000000
0.049698,-0.070162,0.000000
0.048916,-0.061407,0.000000
0.047191,-0.055453,0.000000
0.046972,-0.052397,0.000000
0.047579,-0.051570,0.000000
0.048078,-0.053416,0.000000
0.049183,-0.056646,0.000000
0.048590,-0.061484,0.000000
0.047596,-0.067033,0.000000
0.046412,-0.071870,0.000000
0.045229,-0.080789,0.000000
0.045067,-0.087702,0.000000
0.044798,-0.096967,0.000000
0.045482,-0.102145,0.000000
0.047414,-0.106957,0.000000
0.046339,-0.108153,0.000000
0.045429,-0.110659,0.000000
0.044996,-0.113268,0.000000
0.045557,-0.117165,0.000000
0.046264,-0.123816,0.000000
0.046218,-0.131172,0.000000
0.045655,-0.140831,0.000000
0.045354,-0.148411,0.000000
0.045331,-0.154343,0.000000
0.045153,-0.159796,0.000000
0.045981,-0.165589,0.000000
0.045352,-0.168510,0.000000
0.044254,-0.173083,0.000000
0.043354,-0.179048,0.000000
0.042704,-0.182719,0.000000
0.042639,-0.183644,0.000000
0.043963,-0.184677,0.000000
0.044995,-0.178932,0.000000
0.046044,-0.170164,0.000000
0.045598,-0.157451,0.000000
0.044453,-0.140751,0.000000
0.044748,-0.120446,0.000000
0.045265,-0.096189,0.000000
0.046647,-0.070997,0.000000
0.047844,-0.040629,0.000000
0.049389,-0.011286,0.000000
0.048776,0.016412,0.000000
0.047705,0.039967,0.000000
0.046940,0.061194,0.000000
0.046948,0.075583,0.000000
0.048294,0.075859,0.000000
0.047818,0.072786,0.000000
0.048059,0.065376,0.000000
0.048658,0.049357,0.000000
0.048418,0.032756,0.000000
0.048083,0.012798,0.000000
0.047717,-0.011017,0.000000
0.047223,-0.034297,0.000000
0.046288,-0.057336,0.000000
0.045162,-0.081009,0.000000
0.045778,-0.104253,0.000000
0.046856,-0.123200,0.000000
0.046514,-0.138769,0.000000
0.045854,-0.155710,0.000000
0.044921,-0.170309,0.000000
0.043324,-0.180119,0.000000
0.043636,-0.189955,0.000000
0.044321,-0.193267,0.000000
0.046054,-0.193108,0.000000
0.047817,-0.184880,0.000000
0.047374,-0.175441,0.000000
0.046467,-0.156299,0.000000
0.044657,-0.139063,0.000000
0.045532,-0.114144,0.000000
0.045803,-0.092288,0.000000
0.047060,-0.065045,0.000000
0.048881,-0.038187,0.000000
0.049082,-0.010011,0.000000
0.048858,0.014337,0.000000
0.049473,0.037844,0.000000
0.049312,0.058176,0.000000
0.049454,0.076115,0.000000
0.050204,0.080165,0.000000
0.050006,0.083008,0.000000
0.050259,0.086006,0.000000
0.051440,0.078360,0.000000
0.051253,0.068831,0.000000
0.050586,0.060667,0.000000
0.050082,0.046282,0.000000
0.049098,0.027910,0.000000
0.048987,0.009452,0.000000
0.048352,-0.009760,0.000000
0.048996,-0.031853,0.000000
0.049107,-0.054022,0.000000
0.048097,-0.073315,0.000000
0.048105,-0.092268,0.000000
0.047216,-0.107540,0.000000
0.045854,-0.121416,0.000000
0.046646,-0.133922,0.000000
0.046282,-0.143348,0.000000
0.044855,-0.151474,0.000000
0.045716,-0.158032,0.000000
0.043832,-0.163021,0.000000
0.044213,-0.168080,0.000000
0.045314,-0.170468,0.000000
0.045544,-0.170619,0.000000
0.045889,-0.170868,0.000000
0.044940,-0.164027,0.000000
0.045120,-0.158111,0.000000
0.045569,-0.148932,0.000000
0.044341,-0.135906,0.000000
0.044627,-0.126920,0.000000
0.045242,-0.117608,0.000000
0.045820,-0.110477,0.000000
0.045538,-0.106772,0.000000
0.044843,-0.105507,0.000000
0.045247,-0.108571,0.000000
0.045390,-0.115321,0.000000
0.045486,-0.122783,0.000000
0.045766,-0.132012,0.000000
0.045469,-0.141561,0.000000
0.045347,-0.152926,0.000000
0.045811,-0.165135,0.000000
0.046676,-0.174993,0.000000
0.045968,-0.181041,0.000000
0.045955,-0.187466,0.000000
0.045651,-0.194903,0.000000
0.044622,-0.198777,0.000000
0.045139,-0.203517,0.000000
0.045496,-0.207686,0.000000
0.043762,-0.209265,0.000000
0.044885,-0.207909,0.000000
0.043538,-0.204782,0.000000
0.044019,-0.199804,0.000000
0.042610,-0.191806,0.000000
0.041999,-0.185145,0.000000
0.042894,-0.179088,0.000000
0.041976,-0.173802,0.000000
0.041739,-0.173324,0.000000
0.043072,-0.170962,0.000000
0.043619,-0.171905,0.000000
0.043145,-0.176077,0.000000
0.042775,-0.179182,0.000000
0.042982,-0.179234,0.000000
0.042092,-0.182540,0.000000
0.041366,-0.185704,0.000000
0.041816,-0.185244,0.000000
0.041635,-0.184564,0.000000
0.042231,-0.181093,0.000000
0.041950,-0.173155,0.000000
0.041748,-0.167372,0.000000
0.041550,-0.158458,0.000000
0.041472,-0.151549,0.000000
0.042799,-0.146842,0.000000
0.044388,-0.142767,0.000000
0.044008,-0.137393,0.000000
0.044370,-0.134730,0.000000
0.044577,-0.132762,0.000000
0.043067,-0.131461,0.000000
0.042467,-0.130807,0.000000
0.043589,-0.131319,0.000000
0.043319,-0.131166,0.000000
0.043498,-0.131412,0.000000
0.044260,-0.133106,0.000000
0.044513,-0.135666,0.000000
0.043066,-0.136779,0.000000
0.043038,-0.140691,0.000000
0.044328,-0.141012,0.000000
0.044848,-0.143275,0.000000
0.044333,-0.146675,0.000000
0.044066,-0.148571,0.000000
0.043701,-0.150701,0.000000
0.042413,-0.153225,0.000000
0.042478,-0.152655,0.000000
0.042764,-0.148691,0.000000
0.042562,-0.148763,0.000000
0.043942,-0.145798,0.000000
0.043404,-0.141508,0.000000
0.043316,-0.141200,0.000000
0.043833,-0.139834,0.000000
0.043736,-0.136959,0.000000
0.043703,-0.137182,0.000000
0.043229,-0.136710,0.000000
0.043177,-0.133584,0.000000
0.043690,-0.132576,0.000000
0.044741,-0.132252,0.000000
0.044384,-0.128707,0.000000
0.043951,-0.128024,0.000000
0.043710,-0.128283,0.000000
0.042787,-0.127369,0.000000
0.042604,-0.129497,0.000000
0.043779,-0.133431,0.000000
0.044181,-0.135978,0.000000
0.043733,-0.139003,0.000000
0.044061,-0.144718,0.000000
0.044184,-0.149995,0.000000
0.041783,-0.155265,0.000000
0.042419,-0.162227,0.000000
0.042800,-0.167106,0.000000
0.041525,-0.172541,0.000000
0.042761,-0.177294,0.000000
0.041848,-0.179158,0.000000
0.040577,-0.182749,0.000000
0.040919,-0.183892,0.000000
0.039917,-0.186548,0.000000
0.040934,-0.188631,0.000000
0.041425,-0.189039,0.000000
0.041041,-0.192788,0.000000
0.040556,-0.192621,0.000000
0.039919,-0.193980,0.000000
0.039327,-0.195204,0.000000
0.039480,-0.191429,0.000000
0.039827,-0.190495,0.000000
0.039822,-0.186268,0.000000
0.040589,-0.180995,0.000000
0.041714,-0.178171,0.000000
0.042128,-0.173240,0.000000
0.042016,-0.169328,0.000000
0.042204,-0.165346,0.000000
0.039972,-0.162384,0.000000
0.040113,-0.158574,0.000000
0.040263,-0.154431,0.000000
0.039468,-0.149532,0.000000
0.041710,-0.146124,0.000000
0.041548,-0.141921,0.000000
0.040636,-0.139756,0.000000
0.041400,-0.136656,0.000000
0.041537,-0.135045,0.000000
0.040070,-0.136704,0.000000
0.039983,-0.139113,0.000000
0.039397,-0.140370,0.000000
0.039047,-0.144027,0.000000
0.040336,-0.149935,0.000000
0.042035,-0.153956,0.000000
0.040843,-0.159684,0.000000
0.040785,-0.164554,0.000000
0.039321,-0.169210,0.000000
0.038710,-0.177929,0.000000
0.039334,-0.182942,0.000000
0.039478,-0.188153,0.000000
0.039766,-0.197530,0.000000
0.039376,-0.202659,0.000000
0.038131,-0.210877,0.000000
0.036821,-0.212860,0.000000
0.036455,-0.220172,0.000000
0.037581,-0.225570,0.000000
0.037814,-0.228718,0.000000
0.038986,-0.231584,0.000000
0.038284,-0.233329,0.000000
0.039195,-0.237249,0.000000
0.038000,-0.237136,0.000000
0.038373,-0.238051,0.000000
0.037330,-0.239370,0.000000
0.037168,-0.242522,0.000000
0.037329,-0.242757,0.000000
0.037690,-0.242968,0.000000
0.038580,-0.244436,0.000000
0.037436,-0.246818,0.000000
0.036565,-0.243018,0.000000
0.035717,-0.243252,0.000000
0.037716,-0.243672,0.000000
0.036275,-0.240578,0.000000
0.037505,-0.236418,0.000000
0.035813,-0.235181,0.000000
0.035996,-0.232089,0.000000
0.035533,-0.227515,0.000000
0.035111,-0.227829,0.000000
0.036883,-0.228543,0.000000
0.036238,-0.229491,0.000000
0.037105,-0.228111,0.000000
0.036900,-0.233058,0.000000
0.036351,-0.233728,0.000000
0.034585,-0.233672,0.000000
0.033213,-0.239100,0.000000
0.032785,-0.241498,0.000000
0.032695,-0.246055,0.000000
0.033950,-0.252413,0.000000
0.034499,-0.260856,0.000000
0.033886,-0.267331,0.000000
0.033878,-0.275476,0.000000
0.033230,-0.284941,0.000000
0.031092,-0.290828,0.000000
0.030956,-0.300806,0.000000
0.030435,-0.309821,0.000000
0.031485,-0.316530,0.000000
0.030883,-0.328283,0.000000
0.031947,-0.338336,0.000000
0.031919,-0.349498,0.000000
0.031011,-0.361169,0.000000
0.031224,-0.374687,0.000000
0.029338,-0.384360,0.000000
0.031283,-0.399037,0.000000
0.029557,-0.411456,0.000000
0.030267,-0.419665,0.000000
0.028225,-0.430925,0.000000
0.025132,-0.437214,0.000000
0.024515,-0.439736,0.000000
