0.000000,0.000000,0.000000
-0.041545,0.015979,-0.017044
-0.033023,0.010653,-0.020240
-0.035154,0.059655,-0.008522
-0.013848,0.058590,-0.007457
0.003196,0.091613,-0.008522
0.005326,0.079895,-0.007457
-0.005326,0.055394,-0.007457
-0.013848,0.050067,-0.005326
-0.009587,0.013848,-0.011718
-0.007457,-0.011718,-0.004261
-0.002131,-0.019175,-0.013848
-0.006392,-0.004261,-0.030893
-0.028762,0.002131,0.003196
0.017044,0.008522,-0.034088
-0.011718,0.108657,0.007457
0.044741,0.150202,-0.044741
-0.021305,-0.360059,0.082025
-0.049002,0.847951,0.072438
-0.037284,1.335842,0.029827
0.194943,1.759817,-0.253533
0.216249,1.912150,-0.169377
-0.004261,2.519350,0.428236
0.136354,0.641289,0.433563
-0.216249,0.435693,0.154463
0.051133,0.485761,-0.306796
-0.100135,0.944890,0.103331
0.239684,0.014914,0.120375
0.285491,-0.446346,-0.062851
0.231162,-0.504935,0.027697
0.338754,-0.095874,0.181095
0.401605,-1.103614,0.115049
-0.234358,-1.645834,0.086286
-0.064981,-1.217597,-0.186421
-0.004261,-1.089766,-0.080960
-0.285491,0.170442,-0.133158
-0.169377,0.423975,-0.164051
0.030893,1.330515,-0.121440
0.105461,2.180596,0.051133
0.318514,2.192314,-0.057524
0.043676,1.870604,0.031958
-0.023436,1.429585,-0.133158
0.029827,0.968325,-0.198139
0.150202,0.589091,0.303600
-0.155529,-0.882039,-0.059655
-0.139550,-1.169660,-0.383495
0.149137,-0.819188,0.021305
0.409062,-0.664725,0.362190
0.205596,-0.599744,0.142745
0.095874,0.115049,-0.075634
0.029827,0.430367,-0.161920
0.003196,1.080178,-0.105461
0.007457,1.497762,-0.182160
-0.076699,1.562743,-0.154463
-0.138484,1.525459,-0.118244
-0.050067,1.231446,-0.031958
0.029827,0.925715,0.140615
0.027697,0.419714,0.068177
0.006392,-0.341950,-0.108657
0.029827,-0.736098,-0.029827
0.078830,-1.176052,0.051133
0.102265,-1.465804,-0.069242
-0.054328,-1.568069,0.014914
-0.005326,-1.320928,0.023436
-0.026632,-1.025850,0.031958
-0.209857,-0.402670,0.046872
-0.052198,-0.078830,-0.086286
-0.118244,0.433563,-0.086286
-0.099070,0.337689,-0.006392
-0.042611,0.733967,-0.062851
-0.110788,0.649811,-0.053263
-0.138484,0.648746,-0.143811
-0.283360,0.519849,-0.169377
-0.217314,0.341950,-0.287621
-0.274838,-0.047937,-0.230097
-0.095874,-0.040480,-0.134223
0.078830,-0.060720,0.112918
0.262055,-0.294013,0.251402
0.270577,-0.438889,0.309992
0.018109,-1.249555,0.082025
-0.317449,-1.617071,-0.078830
-0.134223,-1.801362,-0.281230
-0.191748,-1.210140,-0.141680
-0.192813,-0.868191,-0.058590
-0.171508,-0.285491,-0.096939
-0.201335,0.578439,-0.044741
0.013848,1.274056,-0.076699
0.053263,1.616006,-0.102265
0.006392,1.497762,-0.077764
0.049002,0.845820,-0.036219
0.068177,0.138484,0.059655
-0.044741,-0.184291,-0.075634
-0.003196,-0.845820,0.056459
0.143811,-1.488174,0.189617
0.151268,-1.438107,-0.028762
-0.027697,-1.362473,-0.189617
-0.138484,-1.160073,-0.237554
-0.095874,-0.747816,-0.239684
-0.098004,-0.357929,-0.142745
0.001065,0.339819,0.017044
0.053263,0.674312,0.178964
0.098004,1.138768,0.204531
0.121440,1.145159,0.157659
-0.002131,1.227185,0.214118
0.035154,0.806405,0.070307
-0.111853,0.551807,-0.057524
0.047937,-0.191748,-0.209857
0.100135,-0.093743,-0.066046
0.147006,-0.331297,0.105461
-0.184291,-0.263120,0.218379
-0.064981,-0.560329,0.018109
-0.061785,-0.531567,-0.067112
-0.145941,-0.762729,0.018109
-0.019175,-0.446346,-0.051133
-0.059655,-0.499609,-0.028762
0.004261,-0.150202,0.056459
0.070307,0.035154,0.082025
-0.010653,0.331297,0.077764
0.003196,0.478304,0.110788
0.112918,0.716923,0.144876
0.187487,0.628506,0.173638
0.192813,0.684965,0.265251
0.316384,0.272708,0.232228
0.031958,-0.044741,0.122505
-0.259925,-0.581634,-0.201335
-0.312122,-0.902279,-0.346211
-0.232228,-0.800014,-0.285491
-0.170442,-0.631702,-0.161920
-0.209857,-0.257794,-0.092678
-0.225836,0.075634,-0.047937
-0.194943,0.452737,-0.181095
-0.171508,1.019458,-0.186421
-0.094809,1.376322,-0.128897
-0.096939,1.524393,-0.091613
-0.099070,1.182443,-0.088417
-0.123571,0.385626,0.003196
-0.055394,-0.079895,0.006392
0.001065,-0.150202,-0.069242
0.072438,-0.536893,-0.069242
0.005326,-0.940628,0.098004
0.043676,-1.314536,0.161920
-0.104396,-1.346494,-0.039415
-0.126766,-1.188835,-0.066046
-0.148072,-0.756338,-0.088417
-0.144876,-0.634898,-0.170442
-0.079895,-0.410127,-0.139550
0.094809,-0.010653,-0.112918
0.230097,0.494283,0.044741
0.409062,1.116397,0.095874
0.314253,1.375256,0.255663
0.364320,1.333711,0.173638
0.292948,1.259143,0.390952
0.192813,0.602940,0.189617
-0.198139,-0.460194,-0.308927
-0.126766,-0.744620,-0.017044
0.165116,-0.526241,0.320645
0.007457,-1.090831,-0.005326
-0.127832,-1.198422,-0.239684
-0.045806,-1.627724,-0.247141
-0.134223,-1.593636,-0.078830
-0.055394,-1.446629,-0.056459
-0.055394,-0.824515,-0.089482
-0.184291,0.078830,-0.042611
-0.083091,0.577373,0.001065
0.018109,0.246076,0.106526
0.082025,0.360059,0.011718
0.072438,0.608266,-0.040480
0.088417,0.812797,0.085221
0.169377,1.062069,0.145941
0.202400,1.575526,0.033023
0.120375,1.425324,0.082025
0.145941,1.257012,0.250337
0.312122,0.957673,0.296144
-0.135289,-0.068177,-0.076699
-0.503870,-0.940628,-0.383495
0.125701,-0.960869,-0.013848
0.291882,-0.720119,0.383495
0.273773,-0.870321,0.271642
0.201335,-0.805340,0.117179
0.125701,-0.651942,0.060720
0.125701,-0.496413,0.056459
0.143811,-0.286556,0.087352
0.154463,-0.111853,0.073503
0.189617,-0.005326,0.086286
0.167247,0.142745,0.056459
0.108657,0.088417,0.047937
0.072438,0.208792,0.007457
0.037284,0.031958,-0.057524
-0.004261,0.059655,-0.079895
-0.054328,-0.204531,-0.043676
-0.052198,-0.217314,-0.020240
-0.029827,-0.316384,-0.014914
-0.004261,-0.267381,0.024501
-0.017044,-0.281230,0.026632
-0.063916,-0.055394,-0.035154
-0.117179,-0.003196,-0.089482
-0.134223,0.176834,-0.124636
-0.053263,0.172573,-0.196009
-0.138484,0.147006,-0.173638
-0.169377,0.132093,-0.039415
-0.013848,0.379234,0.031958
0.075634,0.712662,0.140615
0.124636,0.956607,0.199204
0.164051,0.898018,0.169377
0.083091,1.108940,0.066046
-0.003196,0.894822,-0.006392
-0.027697,0.942759,-0.014914
0.025566,0.841559,-0.054328
-0.018109,0.822384,-0.052198
-0.033023,0.759534,-0.040480
-0.062851,0.746750,-0.003196
-0.010653,0.672182,0.004261
0.007457,0.634898,0.018109
0.035154,0.599744,0.058590
0.095874,0.607201,0.064981
0.086286,0.535828,0.073503
0.096939,0.512392,0.036219
0.108657,0.476173,-0.031958
0.023436,0.474043,-0.133158
-0.051133,0.420779,-0.305731
-0.291882,0.520914,-0.256729
-0.164051,0.217314,-0.073503
-0.107592,0.014914,0.187487
0.289752,-0.365386,0.286556
0.317449,-0.604005,0.031958
-0.050067,-1.115332,-0.199204
-0.439954,-1.331581,-0.306796
-0.174703,-1.745968,-0.123571
0.019175,-0.912932,0.259925
0.217314,-1.096157,0.210922
0.158724,-0.681769,0.185356
0.162985,-0.849016,0.098004
0.060720,-0.494283,0.091613
0.100135,-0.595483,0.086286
0.094809,-0.404800,0.066046
0.057524,-0.358994,0.051133
0.013848,-0.063916,0.061785
-0.093743,0.303600,0.131028
-0.089482,0.837298,0.126766
-0.148072,1.243164,0.011718
-0.159790,1.479652,-0.038350
-0.175769,1.418932,-0.067112
-0.183225,1.170726,-0.058590
0.183225,0.683900,0.076699
0.169377,0.260990,0.084156
-0.186421,-0.455933,-0.214118
-0.284426,-0.649811,0.126766
0.275903,-0.948085,0.257794
0.322775,-0.944890,0.076699
0.058590,-1.560612,-0.133158
-0.121440,-1.504153,-0.226901
-0.265251,-1.595766,-0.252468
-0.268447,-1.378452,-0.217314
-0.204531,-0.984304,-0.086286
0.000000,-0.325971,-0.018109
0.144876,0.347276,0.013848
0.171508,0.480434,-0.018109
0.009587,0.768056,0.046872
-0.125701,1.083374,0.064981
-0.216249,1.281513,-0.063916
-0.200270,1.377387,-0.072438
-0.162985,1.345429,-0.033023
-0.167247,1.257012,-0.047937
-0.039415,0.968325,-0.047937
0.122505,0.948085,-0.005326
0.214118,1.025850,0.038350
-0.013848,0.908671,-0.014914
-0.266316,0.600809,0.030893
-0.044741,-0.015979,-0.022371
0.403735,-0.302535,0.053263
-0.009587,-0.638093,-0.058590
-0.294013,-1.202684,0.015979
-0.054328,-1.267665,0.035154
0.113983,-1.536111,0.167247
0.147006,-2.071939,0.017044
-0.030893,-1.863147,-0.095874
-0.058590,-1.880192,-0.102265
0.014914,-1.605353,-0.047937
0.154463,-1.367800,0.040480
0.272708,-0.329167,0.075634
0.062851,0.058590,-0.022371
-0.098004,0.665790,-0.042611
-0.157659,1.036502,0.091613
0.166181,1.585114,0.019175
0.161920,1.627724,0.082025
0.192813,1.933455,0.085221
0.157659,1.859952,0.131028
0.017044,1.679922,0.197074
-0.203466,0.786165,-0.045806
-0.190682,0.104396,-0.250337
0.154463,0.716923,0.248207
0.182160,-0.054328,0.082025
-0.317449,-0.981109,-0.105461
0.015979,-1.247425,-0.004261
0.209857,-0.568851,0.019175
0.078830,-0.895887,-0.007457
-0.107592,-0.730771,-0.084156
-0.131028,-1.166465,-0.034088
-0.145941,-1.017328,0.027697
-0.085221,-1.040763,0.018109
-0.095874,-0.687096,0.103331
-0.084156,-0.526241,0.056459
-0.206661,0.018109,-0.029827
-0.251402,0.121440,-0.108657
-0.267381,0.302535,-0.153398
-0.280165,0.123571,-0.231162
-0.332363,0.221575,-0.264186
-0.356864,0.092678,-0.279099
-0.418649,0.188552,-0.229032
-0.347276,0.082025,-0.264186
-0.373908,0.196009,-0.248207
-0.349407,0.246076,-0.225836
-0.302535,0.396278,-0.187487
-0.236489,0.626375,-0.160855
-0.134223,0.739294,-0.141680
-0.086286,0.936367,-0.092678
-0.105461,0.952346,-0.070307
-0.176834,0.920388,-0.070307
-0.273773,0.698813,-0.129962
-0.210922,0.365386,-0.232228
-0.068177,0.434628,-0.118244
0.131028,0.602940,-0.015979
0.243946,0.556068,0.028762
0.024501,0.463390,0.138484
-0.188552,0.062851,0.046872
-0.143811,-0.446346,-0.033023
0.014914,-0.500674,0.013848
0.000000,-0.794687,0.026632
-0.023436,-0.790426,-0.055394
-0.078830,-0.737163,-0.088417
-0.052198,-0.474043,-0.136354
-0.062851,-0.619984,-0.104396
-0.084156,-0.468716,-0.059655
-0.147006,-0.889496,0.038350
-0.093743,-0.650877,0.185356
0.113983,-0.928911,0.305731
0.165116,-0.662594,0.396278
0.158724,-0.549676,0.355798
0.165116,-0.365386,0.327036
0.100135,-0.091613,0.360059
0.094809,-0.136354,0.282295
0.003196,-0.012783,0.267381
-0.019175,-0.095874,0.213053
-0.069242,0.040480,0.167247
-0.080960,-0.059655,0.093743
-0.126766,0.107592,0.076699
-0.100135,0.104396,0.040480
-0.124636,0.200270,0.040480
-0.186421,0.311057,0.035154
-0.250337,0.692422,0.003196
-0.241815,1.020523,-0.015979
-0.242880,1.421063,0.005326
-0.175769,1.650095,0.001065
-0.139550,1.538242,0.020240
-0.037284,1.210140,0.199204
0.066046,0.605070,0.166181
-0.125701,0.465521,-0.181095
-0.118244,0.236489,-0.108657
0.125701,-0.352603,0.272708
0.229032,-0.884169,0.208792
-0.150202,-0.879908,-0.276969
-0.272708,-1.177117,-0.328101
-0.074569,-1.031176,-0.133158
0.156594,-0.876713,0.095874
0.182160,-0.591222,0.210922
0.278034,-0.611462,0.086286
0.231162,-0.415453,0.177899
0.254598,-0.389887,0.210922
0.129962,-0.312122,0.202400
-0.013848,-0.458064,0.204531
-0.102265,-0.627441,0.159790
-0.121440,-0.755273,0.122505
-0.089482,-0.711597,0.049002
-0.028762,-0.544350,0.013848
0.010653,-0.276969,0.005326
-0.023436,-0.003196,0.046872
-0.006392,0.088417,0.036219
-0.070307,0.133158,0.043676
-0.067112,0.127832,-0.003196
-0.056459,0.153398,-0.019175
0.004261,0.099070,-0.086286
0.006392,0.107592,-0.102265
0.036219,0.064981,-0.098004
0.005326,0.013848,-0.024501
0.031958,-0.125701,0.011718
0.088417,-0.082025,0.086286
0.150202,0.189617,0.132093
0.173638,0.714792,0.152333
0.068177,1.301753,0.230097
0.059655,1.741707,0.112918
-0.068177,1.700162,0.074569
-0.085221,1.677791,0.110788
0.190682,1.187770,0.364320
0.218379,0.957673,0.358994
-0.313188,-0.039415,-0.336624
-0.008522,-0.036219,-0.085221
0.399474,-0.395213,0.248207
0.106526,-0.714792,0.169377
-0.361125,-1.373126,-0.252468
-0.226901,-1.298557,-0.224771
-0.154463,-1.346494,-0.024501
-0.034088,-0.792557,0.060720
-0.031958,-0.787230,0.088417
-0.134223,-0.376038,0.046872
-0.257794,-0.110788,0.060720
-0.117179,0.609331,-0.053263
-0.119310,1.226119,-0.082025
-0.105461,1.737446,-0.113983
-0.167247,1.576591,-0.191748
-0.248207,1.233576,-0.062851
0.079895,0.419714,0.387756
-0.085221,-0.219444,-0.134223
-0.022371,-0.353668,-0.297209
0.108657,-0.775513,0.414388
0.165116,-1.260208,0.142745
-0.109722,-1.467934,-0.423975
-0.426106,-1.641572,-0.315318
-0.227967,-1.428520,-0.235423
-0.144876,-1.125985,-0.166181
-0.189617,-1.140898,-0.154463
-0.276969,-1.013067,-0.248207
-0.248207,-0.577373,-0.281230
-0.125701,0.020240,-0.129962
0.038350,0.828776,-0.015979
0.267381,1.264469,0.117179
0.171508,1.014132,0.121440
0.011718,0.853277,0.142745
-0.007457,1.052481,0.150202
0.148072,1.035437,-0.025566
0.030893,1.006675,-0.121440
-0.014914,0.965130,-0.128897
-0.052198,0.605070,0.038350
-0.017044,-0.080960,0.290817
0.215183,-0.103331,0.161920
-0.054328,-0.460194,-0.284426
-0.290817,-0.614658,-0.318514
-0.145941,-0.837298,-0.104396
0.013848,-0.676443,0.178964
0.176834,-0.581634,0.260990
0.226901,-0.466586,0.206661
0.221575,-0.447411,0.227967
0.219444,-0.235423,0.237554
0.121440,-0.238619,0.237554
0.120375,-0.217314,0.173638
0.010653,-0.276969,0.232228
0.024501,-0.343015,0.185356
-0.017044,-0.418649,0.206661
0.031958,-0.262055,0.206661
0.067112,-0.239684,0.128897
0.052198,-0.093743,0.110788
0.067112,-0.138484,0.066046
-0.012783,-0.118244,0.126766
-0.007457,-0.207727,0.068177
-0.018109,-0.224771,0.050067
-0.022371,-0.250337,0.082025
-0.023436,0.246076,0.134223
0.000000,0.776578,0.019175
-0.100135,1.418932,-0.177899
-0.219444,1.564873,-0.201335
-0.010653,1.581918,-0.246076
-0.074569,1.509480,-0.235423
-0.064981,1.348625,-0.300405
-0.172573,1.074852,-0.376038
-0.104396,0.938498,-0.188552
0.056459,0.890561,0.192813
0.230097,1.022654,0.461260
0.298274,0.499609,0.192813
-0.083091,-0.068177,-0.245011
-0.499609,-0.674312,-0.265251
0.176834,-0.661529,0.021305
0.287621,-0.278034,0.243946
0.116114,-1.099353,0.098004
-0.235423,-0.990696,0.033023
-0.150202,-1.522263,-0.111853
-0.190682,-1.376322,-0.176834
-0.190682,-1.392301,-0.113983
-0.144876,-0.982174,0.000000
-0.190682,-0.583765,0.027697
-0.200270,0.328101,0.020240
-0.125701,0.675378,-0.022371
0.031958,0.585895,-0.027697
0.003196,0.563525,0.019175
0.049002,0.940628,0.068177
0.109722,0.874582,0.099070
0.082025,1.123854,0.138484
0.096939,0.928911,0.148072
0.000000,0.992826,0.117179
0.054328,0.717988,-0.002131
-0.067112,0.592287,-0.180030
-0.087352,0.414388,-0.416518
-0.208792,0.557133,-0.184291
-0.117179,0.406931,0.096939
0.197074,0.340885,0.345146
0.422910,-0.036219,0.249272
-0.062851,-0.667921,-0.010653
-0.486826,-1.166465,-0.227967
0.107592,-1.272991,-0.037284
0.240750,-0.642354,0.117179
0.191748,-1.110005,0.054328
-0.320645,-0.947020,0.117179
-0.157659,-1.106810,-0.003196
-0.221575,-0.981109,-0.018109
-0.192813,-1.143029,-0.066046
-0.137419,-0.842624,-0.085221
-0.154463,-0.671117,-0.062851
-0.156594,-0.463390,-0.064981
-0.204531,-0.263120,-0.080960
-0.251402,-0.250337,-0.129962
-0.225836,-0.196009,-0.125701
-0.149137,-0.227967,-0.119310
-0.093743,-0.080960,-0.043676
0.042611,0.177899,0.046872
0.058590,0.614658,0.159790
0.206661,1.034372,0.199204
0.218379,1.304949,0.185356
0.128897,1.304949,0.169377
0.138484,1.160073,0.271642
0.103331,0.996022,0.328101
-0.001065,0.388822,0.095874
-0.043676,-0.155529,-0.264186
-0.193878,-0.306796,-0.182160
0.076699,-0.285491,-0.019175
0.119310,-0.150202,0.218379
0.135289,-0.169377,0.202400
0.090547,-0.079895,0.086286
0.039415,-0.322775,-0.024501
-0.022371,-0.325971,-0.061785
-0.190682,-0.664725,-0.040480
-0.126766,-0.740359,-0.018109
-0.098004,-0.873517,0.023436
-0.051133,-0.737163,0.093743
0.002131,-0.597613,0.098004
-0.050067,-0.412257,0.059655
-0.165116,-0.346211,-0.006392
-0.292948,-0.439954,-0.116114
-0.389887,-0.612527,-0.164051
-0.337689,-0.610397,-0.170442
-0.166181,-0.383495,-0.112918
0.006392,0.074569,-0.046872
0.131028,0.583765,-0.043676
0.187487,0.760599,-0.063916
0.008522,0.751011,-0.025566
0.026632,0.777643,-0.073503
-0.113983,0.922519,-0.036219
-0.160855,0.983239,0.023436
-0.106526,1.115332,-0.002131
-0.063916,1.156877,-0.023436
0.009587,1.239968,-0.010653
0.115049,1.005610,0.050067
0.094809,0.862864,0.085221
0.096939,0.439954,0.197074
-0.088417,0.139550,0.030893
-0.105461,0.002131,-0.187487
-0.078830,0.092678,-0.295078
0.013848,0.058590,-0.239684
-0.057524,-0.076699,-0.142745
-0.017044,-0.303600,0.063916
0.003196,-0.251402,0.300405
0.196009,-0.285491,0.365386
0.374973,-0.206661,0.286556
0.137419,-0.501740,0.279099
0.087352,-0.911866,0.099070
-0.149137,-1.133441,0.053263
-0.133158,-1.196292,-0.151268
-0.125701,-0.974717,-0.109722
-0.108657,-0.619984,0.025566
0.034088,-0.030893,0.070307
0.155529,0.206661,0.076699
0.222640,0.210922,0.012783
0.088417,0.062851,0.073503
0.068177,0.051133,0.054328
0.078830,-0.022371,0.054328
0.075634,0.030893,0.040480
0.234358,0.136354,0.024501
0.248207,0.124636,0.175769
0.321710,0.769121,0.269512
0.377104,1.097222,0.259925
0.222640,1.316667,0.347276
0.332363,1.592570,0.306796
0.427171,1.349690,0.323840
0.058590,0.880974,0.312122
-0.444215,-0.027697,-0.237554
-0.136354,-0.280165,-0.218379
0.412257,0.208792,0.159790
0.283360,-0.346211,0.307861
-0.403735,-0.875647,0.021305
-0.282295,-1.498827,-0.254598
0.010653,-1.346494,-0.213053
0.052198,-1.054612,0.001065
0.188552,-0.874582,-0.013848
-0.006392,-0.739294,0.023436
-0.124636,-0.258859,0.132093
-0.125701,0.273773,0.060720
-0.199204,0.787230,-0.011718
-0.205596,0.726510,-0.135289
-0.237554,0.714792,-0.198139
-0.289752,0.525175,-0.241815
-0.368582,0.552872,-0.240750
-0.335558,0.541154,-0.235423
-0.262055,0.502805,-0.247141
-0.204531,0.679639,-0.205596
-0.098004,0.690291,-0.266316
-0.041545,0.729706,-0.238619
-0.070307,0.706270,-0.025566
0.028762,0.658333,0.020240
0.028762,0.662594,0.121440
0.110788,0.713727,0.052198
0.049002,0.614658,-0.074569
-0.256729,-0.003196,0.037284
-0.015979,-0.615723,0.136354
0.102265,-0.748881,0.011718
-0.259925,-0.869256,-0.135289
-0.215183,-0.941694,-0.188552
0.238619,-0.925715,-0.014914
0.270577,-1.030111,0.126766
0.240750,-0.919323,0.239684
0.151268,-0.828776,0.267381
0.041545,-0.972586,0.204531
0.022371,-0.917193,0.251402
0.061785,-0.987500,0.265251
0.039415,-0.864995,0.294013
0.005326,-0.689226,0.218379
-0.098004,-0.656203,0.117179
-0.215183,-0.670051,-0.050067
-0.319579,-0.629571,-0.173638
-0.360059,-0.218379,-0.132093
-0.089482,0.498544,-0.085221
0.091613,1.349690,-0.024501
0.262055,1.223989,-0.039415
0.202400,1.115332,0.073503
0.112918,0.896953,0.122505
0.119310,1.010936,0.056459
0.084156,0.861799,-0.017044
-0.035154,0.683900,-0.080960
-0.209857,0.524110,-0.084156
-0.140615,0.549676,-0.090547
-0.056459,0.403735,0.025566
0.015979,0.308927,0.157659
0.125701,-0.249272,0.218379
0.182160,-0.632767,0.169377
-0.023436,-0.871386,-0.050067
-0.193878,-0.613592,-0.278034
-0.229032,-0.788296,-0.365386
-0.320645,-0.632767,-0.288687
-0.316384,-0.550742,-0.227967
-0.315318,-0.339819,-0.162985
-0.250337,0.043676,-0.073503
-0.165116,0.578439,0.079895
-0.021305,0.996022,0.157659
0.039415,1.239968,0.173638
0.023436,1.272991,0.189617
-0.044741,1.206945,0.152333
0.099070,0.714792,-0.063916
0.046872,0.298274,-0.089482
-0.068177,-0.046872,0.070307
-0.047937,-0.258859,0.052198
0.137419,-0.422910,-0.107592
-0.123571,-0.831972,-0.033023
0.002131,-1.311341,0.049002
0.042611,-1.343298,0.083091
0.096939,-1.234641,-0.044741
0.160855,-1.144094,0.009587
0.109722,-1.070591,0.025566
0.229032,-0.690291,0.058590
0.287621,-0.344080,0.136354
0.177899,0.136354,0.086286
-0.017044,0.598679,0.117179
-0.034088,0.654072,-0.102265
-0.313188,0.557133,-0.187487
-0.250337,0.421845,-0.246076
-0.213053,0.472977,-0.324906
-0.165116,0.327036,-0.320645
-0.092678,0.377104,-0.250337
-0.060720,0.320645,-0.275903
-0.151268,0.362190,-0.122505
-0.069242,0.287621,-0.055394
0.058590,0.356864,0.018109
0.134223,0.456998,0.062851
0.171508,0.444215,0.043676
0.103331,0.564590,0.051133
0.015979,0.392017,-0.018109
-0.139550,0.287621,-0.006392
-0.067112,-0.064981,-0.100135
0.028762,-0.148072,-0.063916
0.006392,-0.540089,0.121440
0.023436,-0.899083,0.345146
0.174703,-1.290035,0.192813
0.224771,-1.303884,-0.088417
-0.079895,-1.506284,-0.288687
-0.251402,-1.469000,-0.209857
-0.284426,-1.405084,-0.241815
-0.106526,-1.101483,-0.176834
0.004261,-0.503870,-0.061785
0.183225,0.054328,0.042611
0.296144,0.263120,-0.043676
0.056459,0.300405,-0.124636
-0.045806,0.569916,-0.046872
-0.059655,0.833037,-0.003196
-0.049002,0.789361,-0.008522
-0.102265,0.714792,-0.055394
-0.139550,0.651942,0.023436
-0.104396,0.721184,0.082025
0.031958,0.820254,0.140615
0.177899,0.875647,0.103331
-0.166181,0.657268,-0.012783
-0.147006,0.346211,0.011718
-0.011718,0.304666,0.122505
0.157659,0.284426,0.061785
0.019175,0.088417,-0.049002
-0.113983,0.023436,-0.125701
-0.108657,-0.112918,-0.239684
-0.059655,0.215183,-0.155529
-0.003196,-0.108657,-0.008522
-0.025566,-0.001065,0.199204
0.191748,-0.659399,0.263120
0.247141,-0.785100,0.308927
-0.143811,-1.095092,-0.018109
-0.339819,-1.317732,-0.229032
-0.268447,-1.477522,-0.381365
-0.046872,-1.260208,-0.355798
-0.069242,-1.149420,-0.236489
-0.066046,-0.763795,-0.173638
-0.042611,-0.387756,-0.012783
0.001065,0.369647,0.192813
0.243946,0.747816,0.169377
0.134223,0.736098,0.192813
-0.009587,0.736098,0.208792
-0.027697,0.680704,0.108657
0.094809,0.723315,0.089482
0.167247,1.010936,0.027697
0.226901,0.858603,-0.121440
-0.047937,0.520914,-0.120375
-0.224771,0.308927,-0.063916
-0.104396,-0.159790,0.101200
0.227967,0.011718,0.197074
0.149137,-0.481500,0.121440
0.073503,-0.703075,0.087352
-0.088417,-1.153681,-0.094809
-0.066046,-0.861799,-0.216249
-0.108657,-0.760599,-0.219444
-0.062851,-0.331297,-0.135289
0.055394,-0.165116,-0.084156
0.150202,0.292948,0.068177
0.227967,0.568851,0.138484
0.164051,0.739294,0.166181
0.062851,0.690291,0.131028
-0.182160,0.280165,0.117179
-0.153398,-0.045806,-0.011718
0.043676,-0.569916,-0.188552
-0.001065,-0.496413,-0.111853
0.045806,-0.664725,0.058590
-0.104396,-0.600809,0.033023
0.029827,-0.757403,-0.020240
-0.023436,-0.703075,0.070307
-0.119310,-0.527306,0.101200
-0.170442,-0.257794,0.187487
-0.200270,0.598679,0.122505
-0.263120,0.846885,-0.033023
-0.349407,1.199488,-0.164051
-0.333428,0.935302,-0.246076
-0.337689,0.840494,-0.149137
-0.049002,0.697748,0.042611
0.304666,1.055677,0.345146
-0.223706,-0.239684,-0.383495
0.431432,0.014914,0.444215
-0.095874,-0.944890,-0.273773
0.280165,-0.599744,0.367516
0.147006,-1.903628,0.094809
-0.255663,-1.900432,-0.027697
-0.083091,-2.227468,-0.272708
-0.132093,-1.749164,-0.185356
-0.059655,-1.722533,-0.266316
-0.107592,-0.527306,-0.152333
0.041545,0.007457,-0.033023
0.096939,0.410127,0.083091
0.056459,0.136354,0.145941
-0.107592,0.659399,0.119310
-0.125701,0.984304,0.093743
-0.150202,1.428520,-0.002131
-0.254598,1.525459,-0.083091
-0.219444,1.474326,-0.152333
-0.141680,1.129180,-0.069242
0.161920,1.213336,0.175769
0.421845,0.846885,0.384560
-0.258859,0.119310,0.046872
-0.267381,-0.384560,-0.262055
0.123571,-0.225836,-0.242880
0.174703,-0.256729,0.439954
0.076699,-0.803209,0.136354
0.120375,-0.605070,0.263120
0.073503,-1.085504,-0.021305
-0.200270,-1.265534,-0.221575
-0.227967,-1.729989,-0.210922
-0.307861,-1.393366,-0.144876
-0.208792,-1.183509,-0.084156
-0.154463,-0.322775,-0.012783
0.011718,0.175769,0.011718
0.152333,0.259925,-0.004261
0.004261,0.214118,-0.069242
0.008522,0.593352,0.091613
0.020240,0.686030,0.086286
-0.078830,1.250620,0.012783
-0.062851,1.426389,-0.012783
-0.166181,1.532915,-0.020240
-0.153398,1.435977,-0.045806
0.000000,0.951281,0.105461
0.319579,0.593352,0.431432
-0.093743,0.085221,0.058590
-0.381365,-0.654072,-0.387756
0.120375,-0.986435,-0.220510
0.393083,-0.691357,0.239684
-0.011718,-0.922519,0.349407
0.100135,-0.838363,0.343015
0.063916,-0.876713,0.325971
0.168312,-0.628506,0.290817
0.311057,-0.462325,0.247141
0.341950,-0.255663,0.173638
0.317449,-0.247141,0.119310
0.191748,-0.208792,0.068177
0.188552,-0.340885,-0.035154
0.147006,-0.334493,-0.005326
0.078830,-0.588026,0.021305
0.046872,-0.542220,0.007457
-0.021305,-0.586961,-0.003196
-0.070307,-0.166181,0.002131
-0.134223,0.291882,-0.030893
-0.108657,0.968325,-0.087352
0.178964,0.987500,-0.133158
0.136354,0.747816,-0.067112
0.297209,0.788296,0.126766
0.274838,0.833037,0.122505
0.204531,0.725445,0.173638
0.189617,0.650877,0.178964
0.128897,0.568851,0.175769
0.120375,0.474043,0.202400
0.117179,0.444215,0.224771
0.107592,0.389887,0.243946
0.148072,0.416518,0.227967
0.159790,0.447411,0.206661
0.070307,0.476173,0.148072
-0.053263,0.315318,0.041545
-0.153398,0.067112,-0.039415
-0.157659,-0.347276,-0.184291
-0.135289,-0.618919,-0.199204
-0.001065,-0.518784,-0.149137
-0.053263,-0.376038,-0.129962
-0.085221,-0.205596,-0.143811
-0.127832,-0.006392,-0.102265
-0.078830,0.379234,-0.090547
-0.080960,0.586961,-0.091613
-0.150202,0.694552,-0.020240
-0.178964,0.518784,-0.074569
-0.203466,0.264186,-0.008522
0.069242,-0.027697,0.154463
0.329167,-0.190682,0.213053
0.351537,-0.393083,0.201335
-0.052198,-0.696683,0.194943
-0.126766,-0.951281,-0.040480
-0.218379,-0.830906,-0.007457
0.017044,-0.792557,0.023436
0.135289,-0.532632,0.143811
0.206661,0.038350,0.227967
0.224771,0.345146,0.232228
0.126766,0.523045,0.227967
0.088417,0.527306,0.192813
0.119310,0.615723,0.152333
0.190682,0.614658,0.126766
0.175769,0.609331,0.142745
0.134223,0.466586,0.121440
0.042611,0.279099,0.157659
0.051133,-0.053263,0.015979
0.022371,-0.338754,-0.051133
-0.225836,-0.833037,-0.007457
-0.019175,-1.202684,0.036219
0.082025,-1.288970,-0.021305
0.147006,-1.058873,0.000000
0.131028,-0.645550,0.159790
0.051133,0.164051,0.140615
-0.010653,0.504935,0.009587
-0.119310,0.719054,-0.058590
-0.120375,0.193878,-0.120375
-0.026632,0.396278,-0.079895
0.089482,0.131028,-0.079895
0.070307,0.527306,-0.059655
0.093743,0.390952,-0.127832
0.063916,0.574178,-0.109722
0.003196,0.304666,-0.086286
-0.092678,0.394148,-0.059655
-0.164051,0.107592,-0.043676
-0.172573,0.198139,-0.095874
-0.160855,0.154463,-0.137419
-0.129962,0.285491,-0.176834
-0.159790,0.127832,-0.176834
-0.171508,0.060720,-0.180030
-0.140615,-0.027697,-0.126766
-0.053263,-0.093743,-0.064981
0.119310,-0.010653,-0.051133
0.086286,0.157659,0.012783
0.013848,0.258859,0.050067
-0.071373,0.258859,0.061785
-0.170442,0.151268,0.150202
-0.018109,0.007457,0.142745
0.141680,-0.076699,0.202400
0.201335,-0.116114,0.154463
0.219444,-0.027697,0.128897
0.084156,-0.088417,0.161920
-0.057524,-0.278034,0.138484
-0.092678,-0.386691,0.154463
0.098004,-0.217314,0.119310
0.247141,-0.171508,0.112918
0.198139,-0.071373,0.058590
0.120375,-0.139550,0.040480
-0.001065,-0.319579,-0.015979
-0.182160,-0.370712,0.028762
-0.168312,-0.334493,-0.043676
-0.092678,-0.094809,-0.062851
-0.157659,0.042611,-0.141680
-0.151268,0.036219,-0.172573
-0.126766,-0.193878,-0.215183
-0.192813,-0.290817,-0.250337
-0.162985,-0.384560,-0.221575
-0.053263,-0.066046,-0.265251
-0.190682,-0.132093,-0.280165
-0.229032,-0.144876,-0.255663
-0.200270,-0.216249,-0.279099
-0.113983,-0.136354,-0.152333
0.019175,0.079895,-0.050067
0.099070,0.309992,-0.025566
-0.007457,0.303600,-0.028762
-0.062851,0.259925,-0.037284
-0.054328,0.260990,0.084156
0.206661,0.501740,0.103331
0.232228,0.449542,-0.006392
-0.231162,-0.027697,-0.018109
0.010653,-0.815993,0.014914
0.123571,-0.594418,0.164051
-0.211988,-1.401888,-0.165116
-0.178964,-1.135572,-0.155529
0.242880,-1.229315,-0.011718
0.121440,-0.987500,0.105461
0.035154,-1.313471,0.246076
0.094809,-1.147290,0.253533
-0.026632,-1.103614,0.269512
0.073503,-0.654072,0.281230
0.100135,-0.560329,0.189617
0.039415,-0.312122,0.108657
0.024501,-0.431432,-0.047937
-0.028762,-0.268447,-0.153398
-0.059655,-0.484695,-0.230097
-0.107592,-0.339819,-0.256729
-0.121440,-0.394148,-0.254598
-0.122505,0.028762,-0.181095
-0.037284,0.291882,-0.077764
0.093743,0.841559,0.006392
0.177899,0.945955,0.023436
0.115049,1.030111,0.063916
0.087352,0.844755,0.035154
0.008522,0.850081,0.079895
0.076699,0.720119,0.000000
0.020240,0.548611,-0.047937
-0.192813,0.127832,-0.034088
-0.093743,-0.254598,0.056459
0.304666,-0.623180,0.134223
0.132093,-0.813862,0.202400
0.052198,-1.163269,0.175769
-0.058590,-1.365669,0.119310
-0.025566,-0.974717,0.177899
0.156594,-0.777643,0.189617
-0.012783,-0.136354,0.206661
-0.164051,-0.096939,-0.006392
-0.486826,0.038350,-0.096939
-0.287621,0.299339,-0.106526
-0.087352,0.736098,0.002131
0.041545,1.069525,0.084156
0.167247,1.184574,0.079895
0.107592,1.184574,0.011718
-0.046872,0.850081,-0.008522
-0.190682,0.972586,0.117179
-0.005326,0.950216,0.192813
0.166181,1.068460,0.112918
0.197074,0.938498,0.038350
-0.102265,0.470847,0.000000
-0.138484,-0.186421,-0.038350
0.082025,-0.384560,0.039415
0.078830,-0.945955,0.053263
0.023436,-1.285774,0.003196
0.030893,-1.193096,-0.127832
-0.175769,-1.030111,-0.215183
-0.126766,-1.121723,-0.203466
-0.147006,-1.019458,-0.145941
-0.073503,-1.009871,-0.008522
0.052198,-0.607201,0.103331
0.125701,-0.233293,0.107592
-0.007457,0.198139,-0.067112
-0.263120,0.039415,-0.240750
-0.152333,0.376038,-0.213053
-0.029827,0.513457,-0.093743
0.059655,0.975782,0.068177
0.138484,1.040763,0.099070
0.157659,1.145159,0.115049
0.009587,0.845820,0.166181
-0.098004,0.592287,0.265251
0.036219,0.423975,0.190682
0.136354,0.087352,0.001065
-0.026632,-0.540089,-0.126766
-0.131028,-1.110005,-0.060720
-0.058590,-1.268730,-0.051133
0.221575,-1.297492,-0.073503
0.059655,-1.267665,-0.003196
-0.037284,-1.238903,0.011718
-0.071373,-0.499609,-0.046872
0.015979,0.187487,-0.145941
0.145941,0.107592,-0.087352
0.148072,0.018109,0.096939
0.142745,0.374973,0.159790
0.062851,0.602940,0.138484
-0.046872,0.838363,-0.008522
-0.101200,0.712662,-0.209857
-0.167247,0.646616,-0.252468
-0.182160,0.460194,-0.278034
-0.197074,0.347276,-0.313188
-0.252468,0.170442,-0.235423
-0.198139,0.078830,-0.194943
-0.118244,0.165116,-0.215183
-0.017044,0.278034,-0.132093
0.005326,0.504935,-0.066046
-0.020240,0.577373,-0.098004
-0.165116,0.617853,-0.080960
-0.226901,0.547546,-0.095874
-0.257794,0.365386,-0.024501
0.040480,0.276969,0.027697
0.286556,0.058590,0.044741
0.061785,-0.129962,0.185356
-0.068177,-0.507066,0.159790
0.109722,-0.597613,0.036219
0.189617,-0.429302,-0.033023
0.131028,-0.474043,-0.075634
-0.057524,-0.497478,-0.052198
-0.013848,-0.555003,-0.067112
0.029827,-0.268447,0.091613
0.166181,0.005326,0.167247
0.262055,0.434628,0.152333
0.251402,0.706270,0.204531
0.232228,0.822384,0.204531
0.103331,0.562460,0.218379
-0.067112,0.266316,0.144876
-0.109722,-0.370712,-0.073503
-0.040480,-0.756338,-0.235423
0.113983,-1.026915,-0.091613
0.231162,-0.892692,0.051133
0.067112,-0.755273,0.101200
-0.069242,-0.726510,0.020240
-0.107592,-1.029045,0.003196
-0.105461,-0.941694,-0.007457
-0.050067,-1.135572,-0.083091
0.010653,-0.925715,-0.071373
0.127832,-1.082309,-0.108657
0.205596,-1.078048,0.005326
0.278034,-0.780839,0.085221
0.256729,-0.062851,0.023436
-0.028762,0.143811,-0.108657
-0.202400,0.364320,-0.129962
-0.073503,0.260990,-0.044741
0.226901,0.418649,0.066046
0.488956,0.644485,0.185356
0.507066,0.977913,0.216249
0.386691,0.922519,0.167247
0.155529,0.598679,0.145941
-0.180030,0.327036,0.214118
-0.041545,0.007457,0.292948
0.155529,0.036219,0.173638
0.243946,0.052198,0.131028
0.174703,-0.123571,0.084156
-0.132093,-0.456998,0.087352
-0.126766,-0.660464,0.058590
-0.071373,-0.696683,0.009587
-0.020240,-0.519849,-0.049002
0.078830,-0.541154,-0.091613
0.141680,-0.769121,-0.087352
0.176834,-0.935302,-0.002131
0.221575,-0.901214,0.082025
0.151268,-0.438889,0.086286
-0.071373,0.278034,0.005326
-0.176834,0.271642,-0.037284
0.091613,0.083091,0.068177
0.124636,0.302535,0.056459
-0.078830,0.895887,0.062851
-0.365386,0.826645,-0.059655
-0.174703,0.980043,0.011718
0.039415,1.043959,0.084156
0.140615,1.376322,0.297209
0.126766,1.434911,0.321710
0.134223,1.330515,0.296144
0.143811,1.303884,0.294013
0.202400,1.157942,0.267381
0.154463,0.903344,0.263120
0.085221,0.161920,0.148072
0.047937,-0.502805,-0.117179
-0.123571,-0.868191,-0.227967
-0.015979,-1.245294,-0.168312
0.119310,-1.170726,-0.108657
0.160855,-1.190966,-0.036219
0.042611,-0.450607,0.051133
0.028762,0.117179,0.004261
0.009587,0.745685,-0.120375
-0.031958,0.177899,-0.121440
0.064981,0.349407,-0.024501
0.166181,0.064981,0.036219
0.106526,0.120375,0.075634
0.042611,-0.101200,0.119310
0.088417,0.082025,0.197074
0.145941,0.194943,0.241815
0.150202,0.483630,0.270577
0.142745,0.515588,0.202400
0.181095,0.618919,0.131028
0.140615,0.572047,0.077764
0.075634,0.431432,0.068177
0.013848,0.071373,0.070307
0.030893,-0.190682,0.091613
0.111853,-0.042611,0.131028
0.090547,-0.084156,0.109722
0.043676,-0.238619,0.062851
0.014914,-0.562460,0.029827
0.055394,-0.774447,0.008522
0.067112,-0.674312,-0.012783
0.153398,-0.830906,-0.036219
0.118244,-0.868191,-0.009587
0.143811,-0.574178,0.029827
0.046872,0.138484,-0.017044
-0.196009,0.478304,-0.145941
-0.242880,0.499609,-0.101200
-0.090547,0.191748,-0.085221
0.047937,0.206661,0.018109
0.115049,0.213053,0.115049
0.109722,0.371777,0.253533
0.150202,0.479369,0.267381
0.173638,0.597613,0.216249
0.232228,0.612527,0.154463
0.183225,0.589091,0.091613
0.106526,0.410127,0.049002
-0.011718,0.141680,0.042611
-0.084156,0.022371,0.074569
0.152333,0.189617,0.082025
0.112918,0.190682,0.042611
0.086286,0.021305,-0.060720
-0.063916,-0.329167,-0.091613
-0.116114,-0.315318,-0.136354
-0.110788,-0.243946,-0.170442
-0.197074,-0.291882,-0.173638
-0.174703,-0.471912,-0.139550
-0.051133,-0.540089,-0.059655
0.129962,-0.443150,0.046872
0.313188,-0.049002,0.194943
0.388822,0.344080,0.253533
0.338754,0.576308,0.154463
0.166181,0.495348,0.058590
-0.026632,0.379234,-0.028762
-0.162985,0.174703,-0.064981
-0.177899,0.045806,-0.046872
0.088417,-0.013848,0.007457
0.257794,0.101200,0.023436
0.111853,-0.128897,-0.034088
-0.108657,-0.274838,-0.036219
-0.205596,-0.557133,-0.035154
-0.162985,-0.447411,0.043676
-0.002131,-0.165116,0.091613
0.035154,0.425041,0.056459
-0.004261,0.965130,-0.054328
-0.041545,1.119593,-0.093743
-0.051133,0.972586,-0.214118
-0.188552,0.601874,-0.315318
-0.352603,0.207727,-0.236489
-0.028762,0.160855,-0.094809
0.220510,0.305731,0.119310
0.159790,0.060720,0.206661
0.315318,-0.258859,0.253533
0.201335,-0.232228,0.372843
0.022371,-0.529436,0.316384
0.158724,-0.743555,0.152333
0.168312,-0.947020,0.042611
-0.039415,-0.954477,0.043676
-0.049002,-1.032241,0.070307
-0.059655,-0.829841,0.061785
0.141680,-0.702009,-0.025566
0.151268,-0.405866,0.003196
0.207727,-0.551807,0.000000
0.135289,-0.736098,0.008522
0.022371,-1.080178,0.042611
-0.031958,-0.942759,0.079895
-0.127832,-0.400539,0.011718
-0.234358,0.444215,-0.074569
-0.164051,0.380299,-0.079895
0.056459,0.292948,-0.003196
0.169377,0.771251,-0.025566
-0.103331,1.107875,-0.085221
-0.351537,1.441303,-0.131028
-0.340885,1.004544,-0.127832
-0.252468,0.812797,-0.142745
-0.117179,0.537959,-0.232228
0.019175,0.792557,-0.202400
-0.217314,0.693487,-0.225836
-0.307861,0.465521,-0.203466
-0.255663,0.308927,-0.246076
-0.078830,0.398409,-0.243946
-0.094809,0.500674,-0.230097
-0.265251,0.439954,-0.159790
-0.166181,0.236489,-0.223706
-0.100135,0.329167,-0.158724
-0.169377,0.447411,-0.161920
-0.137419,0.249272,-0.120375
0.052198,0.142745,-0.080960
-0.026632,0.364320,-0.063916
-0.083091,0.262055,0.076699
0.178964,0.190682,0.015979
0.213053,0.224771,-0.009587
-0.142745,0.350472,0.070307
-0.013848,0.143811,-0.062851
0.128897,0.267381,-0.117179
-0.476173,0.035154,-0.181095
-0.292948,-0.077764,-0.303600
-0.034088,0.137419,-0.232228
-0.361125,-0.162985,0.044741
0.147006,-0.172573,0.060720
0.153398,-0.213053,0.353668
0.235423,-1.182443,0.185356
0.123571,-0.812797,0.042611
-0.208792,-2.177401,-0.320645
-0.285491,-1.588309,-0.264186
-0.301470,-2.083657,-0.314253
-0.274838,-1.879126,-0.324906
-0.249272,-1.721467,-0.141680
-0.149137,-0.871386,-0.036219
0.025566,-0.398409,0.031958
0.090547,-0.020240,0.046872
0.088417,-0.367516,-0.035154
-0.072438,0.289752,0.002131
-0.141680,0.727576,-0.027697
-0.138484,1.281513,-0.017044
-0.055394,1.145159,-0.046872
-0.068177,1.074852,-0.086286
-0.105461,0.738228,-0.138484
0.018109,0.555003,-0.264186
-0.259925,0.268447,-0.046872
-0.028762,-0.013848,0.038350
0.388822,-0.319579,0.124636
0.050067,-0.542220,0.382430
0.207727,-0.922519,0.202400
0.458064,-1.057808,0.023436
0.087352,-1.090831,0.181095
0.039415,-1.267665,0.257794
0.308927,-0.942759,0.224771
0.412257,-0.758468,0.088417
0.118244,-0.569916,0.014914
-0.073503,-0.697748,-0.192813
-0.124636,-0.239684,-0.103331
-0.073503,-0.071373,0.029827
0.070307,0.131028,0.058590
-0.039415,-0.107592,0.000000
-0.314253,-0.209857,-0.084156
-0.295078,-0.138484,-0.112918
-0.096939,0.456998,0.000000
0.133158,0.808536,0.039415
0.265251,0.706270,0.041545
0.161920,0.452737,-0.020240
-0.023436,0.619984,-0.038350
-0.118244,0.778708,-0.063916
-0.173638,0.668986,-0.013848
-0.167247,0.817058,0.053263
-0.075634,1.017328,0.009587
0.005326,1.241033,-0.044741
-0.106526,1.331581,-0.015979
-0.070307,0.939563,-0.076699
-0.046872,0.659399,-0.095874
-0.224771,0.385626,0.039415
0.154463,-0.531567,0.040480
-0.072438,-0.660464,0.161920
0.001065,-1.293231,-0.005326
-0.071373,-1.167530,-0.066046
-0.366451,-1.483913,-0.154463
-0.105461,-1.551025,-0.173638
0.238619,-1.483913,-0.003196
0.395213,-1.046090,0.087352
0.257794,-0.649811,0.085221
-0.049002,-0.453803,-0.133158
-0.227967,-0.242880,-0.085221
-0.072438,0.050067,0.023436
0.068177,0.083091,-0.006392
-0.101200,0.017044,-0.079895
-0.356864,-0.343015,-0.141680
-0.285491,0.057524,-0.009587
0.099070,0.677508,0.091613
0.297209,0.781904,0.082025
0.197074,0.574178,0.003196
0.017044,0.471912,-0.005326
-0.156594,0.377104,-0.030893
-0.278034,0.285491,0.011718
-0.208792,0.550742,-0.010653
-0.010653,0.852212,-0.067112
0.066046,1.178182,-0.125701
-0.069242,0.894822,-0.127832
-0.275903,0.390952,-0.117179
-0.185356,0.273773,-0.162985
-0.166181,0.332363,-0.132093
-0.225836,-0.203466,-0.100135
-0.115049,-0.417584,-0.088417
-0.304666,-0.361125,-0.083091
-0.128897,-0.846885,-0.119310
-0.049002,-0.784035,-0.085221
-0.382430,-1.024784,-0.171508
-0.396278,-1.139833,-0.186421
-0.141680,-1.230380,-0.154463
0.129962,-0.671117,0.079895
0.397344,-0.012783,0.099070
0.173638,0.021305,-0.084156
-0.112918,0.027697,-0.113983
-0.066046,0.523045,0.030893
-0.005326,0.823449,0.095874
0.019175,0.617853,-0.012783
-0.104396,0.158724,0.031958
-0.014914,0.074569,-0.078830
-0.010653,0.325971,-0.093743
-0.039415,0.840494,-0.026632
-0.022371,1.170726,0.036219
0.000000,1.222924,0.005326
0.040480,0.798948,-0.005326
0.107592,0.709466,0.025566
0.053263,0.792557,0.028762
-0.061785,0.374973,0.007457
-0.088417,0.250337,-0.058590
-0.216249,0.188552,-0.047937
0.020240,-0.463390,-0.069242
-0.057524,-0.427171,-0.027697
-0.077764,-0.772317,-0.041545
0.086286,-0.725445,-0.100135
-0.221575,-0.711597,-0.077764
-0.421845,-0.745685,-0.108657
-0.275903,-0.913997,-0.225836
-0.104396,-0.893757,-0.240750
0.012783,-0.805340,-0.046872
0.133158,-0.226901,0.061785
0.213053,0.046872,0.086286
-0.015979,0.098004,-0.075634
-0.438889,-0.033023,-0.174703
-0.306796,0.445281,-0.013848
0.084156,0.990696,0.119310
0.290817,0.917193,0.086286
0.239684,0.711597,-0.013848
0.049002,0.631702,-0.008522
-0.166181,0.597613,-0.005326
-0.341950,0.597613,0.000000
-0.194943,0.889496,-0.029827
0.064981,1.168595,-0.116114
0.115049,1.417867,-0.119310
-0.207727,0.939563,-0.100135
-0.242880,0.585895,-0.057524
-0.043676,0.585895,-0.068177
-0.205596,-0.009587,0.126766
0.149137,-0.287621,0.121440
0.069242,-0.482565,0.319579
0.402670,-0.951281,0.239684
0.170442,-0.586961,0.259925
0.129962,-0.823449,0.243946
0.259925,-0.551807,0.091613
-0.002131,-0.282295,0.083091
-0.263120,-0.353668,-0.082025
-0.276969,-0.649811,-0.193878
-0.007457,-0.667921,-0.222640
0.041545,-0.141680,-0.069242
-0.110788,0.322775,0.084156
-0.020240,0.471912,0.052198
-0.014914,0.055394,-0.027697
0.003196,-0.168312,-0.020240
0.181095,0.012783,-0.046872
0.101200,0.372843,-0.003196
-0.074569,0.852212,0.030893
-0.156594,0.647681,-0.049002
-0.115049,0.271642,-0.044741
0.239684,0.136354,-0.108657
0.042611,-0.074569,0.050067
-0.052198,-0.364320,0.072438
0.238619,-0.242880,0.091613
0.335558,0.197074,0.169377
0.132093,0.563525,0.121440
-0.243946,0.552872,0.021305
-0.358994,0.387756,-0.170442
-0.220510,0.303600,-0.272708
-0.185356,0.357929,-0.216249
-0.330232,-0.087352,-0.119310
-0.076699,-0.052198,-0.113983
-0.095874,0.308927,-0.008522
0.054328,0.265251,0.086286
0.286556,0.309992,0.117179
0.298274,0.560329,0.181095
0.084156,0.565655,0.237554
0.288687,0.227967,0.112918
0.112918,0.208792,0.164051
-0.129962,-0.151268,0.136354
0.329167,-0.105461,0.140615
0.041545,-0.292948,0.161920
0.333428,-0.482565,0.089482
0.170442,-0.852212,0.039415
-0.232228,-1.167530,0.047937
0.238619,-1.176052,-0.010653
0.037284,-1.549960,0.035154
-0.128897,-1.977131,-0.041545
0.063916,-1.925998,-0.036219
0.057524,-1.042894,-0.028762
0.096939,-0.495348,0.036219
0.213053,-0.740359,0.040480
-0.153398,0.168312,0.033023
-0.061785,0.413323,0.185356
0.154463,0.515588,0.058590
-0.160855,0.956607,0.007457
-0.140615,0.864995,0.066046
0.321710,0.940628,0.152333
0.225836,1.411475,0.079895
-0.127832,1.386974,-0.089482
-0.302535,1.056742,-0.120375
-0.160855,0.794687,-0.102265
0.087352,0.959803,0.046872
0.037284,1.002414,0.187487
0.267381,0.747816,0.187487
0.380299,0.908671,0.230097
0.142745,1.069525,0.348341
0.466586,0.703075,0.273773
0.255663,0.719054,0.296144
0.000000,0.197074,0.159790
0.350472,0.103331,0.239684
-0.222640,-0.569916,0.154463
0.399474,-0.499609,0.128897
-0.198139,-1.222924,0.075634
0.388822,-0.814927,-0.044741
-0.125701,-1.169660,0.154463
0.019175,-0.846885,0.152333
0.327036,-0.972586,-0.007457
-0.034088,-1.236772,0.047937
-0.098004,-1.875931,-0.042611
0.058590,-1.502023,-0.095874
0.022371,-0.952346,-0.043676
0.038350,-0.144876,0.068177
0.217314,-0.971521,-0.138484
-0.100135,-0.025566,-0.062851
-0.061785,0.330232,0.068177
0.174703,-0.193878,0.011718
0.046872,0.419714,-0.046872
-0.186421,0.793622,0.003196
-0.008522,0.463390,0.056459
0.115049,0.485761,0.059655
-0.022371,1.074852,-0.009587
-0.077764,1.104679,-0.043676
-0.020240,1.058873,0.024501
0.035154,1.154747,0.122505
0.157659,1.078048,0.167247
0.265251,1.001349,0.044741
-0.118244,0.990696,-0.029827
-0.451672,0.687096,-0.184291
-0.076699,0.308927,-0.309992
-0.250337,0.423975,-0.099070
-0.317449,0.104396,-0.123571
0.263120,0.308927,-0.155529
-0.119310,0.339819,0.096939
-0.018109,0.352603,0.249272
0.465521,0.647681,0.101200
0.085221,0.442085,0.210922
-0.158724,-0.119310,0.033023
0.335558,0.157659,0.056459
0.000000,-0.607201,0.085221
0.096939,-0.312122,-0.119310
-0.035154,-0.615723,-0.005326
-0.103331,-1.128115,-0.030893
0.083091,-0.780839,-0.104396
-0.210922,-0.552872,-0.021305
-0.263120,-0.213053,-0.008522
-0.023436,0.256729,-0.029827
0.187487,0.074569,-0.042611
0.172573,-0.089482,0.024501
-0.022371,0.205596,0.087352
-0.056459,0.485761,-0.012783
-0.127832,0.921454,-0.078830
-0.170442,0.666856,-0.121440
-0.031958,0.264186,-0.037284
0.171508,0.157659,0.073503
0.036219,0.412257,0.185356
0.295078,0.126766,0.159790
0.382430,0.438889,0.312122
0.112918,0.553937,0.297209
0.267381,0.436758,0.140615
0.076699,0.332363,0.061785
-0.308927,0.242880,0.052198
0.224771,0.023436,-0.103331
-0.318514,-0.303600,-0.111853
-0.125701,-0.609331,-0.113983
-0.098004,-0.541154,-0.070307
-0.054328,-1.034372,-0.218379
0.083091,-0.415453,-0.196009
-0.438889,-0.543285,-0.044741
-0.098004,-0.088417,0.031958
0.238619,0.434628,0.033023
0.189617,0.218379,0.023436
-0.135289,-0.491087,0.043676
-0.078830,-0.241815,-0.036219
0.070307,0.199204,-0.046872
-0.169377,0.014914,0.052198
-0.135289,0.205596,-0.022371
0.021305,0.778708,-0.129962
-0.119310,0.104396,-0.053263
-0.064981,-0.168312,-0.089482
-0.120375,-0.235423,-0.161920
-0.067112,-0.790426,-0.063916
0.058590,-0.463390,0.027697
0.118244,-0.442085,0.098004
0.349407,-0.291882,0.189617
0.085221,0.039415,0.085221
-0.302535,-0.231162,-0.098004
-0.104396,-0.643420,-0.213053
-0.017044,-0.233293,-0.124636
-0.238619,0.127832,0.058590
0.183225,0.115049,0.077764
0.366451,0.117179,0.007457
-0.057524,-0.118244,0.030893
-0.314253,-0.513457,-0.028762
-0.072438,-0.234358,-0.148072
-0.010653,0.229032,-0.024501
-0.192813,0.577373,0.091613
0.159790,0.166181,0.013848
0.284426,0.051133,-0.038350
-0.139550,-0.240750,0.053263
-0.230097,-0.252468,0.027697
0.121440,0.404800,-0.022371
0.000000,0.676443,-0.053263
-0.147006,0.141680,-0.054328
-0.011718,-0.067112,-0.086286
0.176834,-0.183225,0.007457
-0.008522,-0.530502,0.144876
0.276969,0.091613,0.150202
0.247141,0.224771,0.144876
-0.096939,-0.419714,0.015979
-0.173638,-0.243946,-0.168312
-0.242880,-0.194943,-0.141680
-0.138484,-0.248207,-0.069242
-0.035154,0.266316,0.046872
0.126766,0.392017,0.077764
0.158724,-0.237554,0.031958
0.074569,-0.544350,0.018109
-0.189617,-0.303600,0.058590
-0.073503,-0.220510,0.014914
0.049002,0.319579,-0.069242
-0.025566,0.478304,-0.057524
-0.087352,-0.262055,-0.009587
0.186421,-0.333428,0.025566
0.185356,0.068177,0.241815
-0.092678,0.273773,0.117179
0.040480,0.343015,-0.047937
-0.074569,0.229032,-0.168312
-0.423975,-0.015979,-0.036219
0.155529,0.159790,-0.088417
0.290817,0.704140,0.169377
-0.219444,0.373908,0.267381
0.476173,0.492152,0.051133
0.105461,0.234358,0.088417
-0.076699,-0.458064,0.088417
0.334493,-0.124636,0.053263
-0.106526,-0.084156,0.183225
0.008522,0.309992,-0.030893
-0.138484,0.552872,-0.154463
-0.417584,-0.279099,-0.137419
-0.018109,0.069242,-0.068177
0.050067,-0.014914,0.082025
0.140615,0.101200,0.144876
0.303600,0.462325,0.150202
0.121440,-0.305731,0.041545
0.050067,-0.323840,0.051133
0.012783,-0.442085,0.050067
0.022371,-0.584830,0.046872
-0.181095,0.313188,0.019175
-0.237554,-0.084156,-0.140615
-0.060720,-0.256729,-0.135289
-0.250337,-0.280165,0.009587
0.344080,-0.059655,0.083091
0.409062,0.075634,0.152333
-0.113983,-0.093743,0.082025
0.100135,-0.591222,-0.102265
-0.258859,-0.491087,-0.086286
-0.258859,-0.336624,-0.009587
0.175769,0.349407,-0.083091
0.075634,0.202400,-0.045806
-0.063916,-0.480434,0.083091
0.303600,-0.197074,0.023436
0.062851,0.298274,0.062851
-0.437824,0.131028,-0.093743
-0.110788,0.064981,-0.150202
0.171508,0.417584,0.085221
-0.202400,0.215183,0.152333
0.388822,0.435693,0.036219
0.043676,0.084156,0.038350
-0.227967,-0.314253,0.000000
0.046872,0.726510,-0.113983
-0.308927,0.586961,-0.084156
-0.185356,0.139550,-0.087352
0.099070,0.478304,0.046872
0.046872,0.237554,0.177899
0.377104,0.797883,0.119310
0.136354,0.082025,0.070307
0.230097,0.037284,0.068177
0.039415,0.369647,0.183225
0.218379,0.350472,0.087352
-0.089482,0.182160,0.070307
0.120375,-0.446346,0.024501
-0.153398,0.240750,0.042611
0.088417,0.024501,-0.043676
-0.438889,0.011718,-0.107592
-0.128897,-0.245011,-0.098004
-0.060720,0.512392,0.013848
-0.123571,0.237554,-0.133158
0.058590,-0.111853,-0.030893
-0.250337,-0.041545,-0.009587
0.558199,0.444215,0.099070
-0.005326,-0.143811,0.101200
0.433563,-0.093743,0.138484
-0.105461,0.132093,0.208792
0.206661,0.011718,-0.007457
-0.361125,-0.535828,0.002131
0.029827,-0.358994,-0.011718
-0.142745,-0.127832,-0.073503
-0.232228,-0.503870,-0.240750
0.089482,0.088417,-0.030893
-0.348341,0.078830,0.035154
0.346211,0.413323,-0.012783
0.074569,-0.327036,0.126766
0.136354,0.249272,0.101200
0.290817,0.253533,0.036219
-0.033023,-0.617853,-0.050067
0.115049,0.416518,0.004261
-0.274838,0.177899,-0.079895
-0.036219,0.264186,-0.186421
-0.109722,0.420779,0.075634
0.060720,0.647681,0.023436
0.189617,0.308927,0.085221
0.227967,0.286556,0.131028
0.157659,0.779774,0.083091
0.370712,-0.135289,0.047937
-0.225836,0.387756,0.117179
0.082025,0.411192,0.018109
-0.623180,0.083091,-0.117179
0.091613,0.570982,-0.080960
-0.447411,0.488956,-0.201335
0.208792,0.381365,-0.029827
-0.167247,0.539024,0.091613
0.325971,1.015197,0.124636
0.334493,0.079895,0.088417
-0.070307,0.787230,0.239684
0.330232,0.532632,0.183225
-0.214118,-0.365386,-0.070307
0.152333,1.001349,0.002131
0.038350,-0.082025,-0.272708
-0.356864,0.040480,-0.083091
