1010,1010,1010,1010
1522,1477,1522,1477
1519,1480,1519,1480
1525,1474,1525,1474
1524,1474,1524,1474
1527,1472,1527,1472
1527,1471,1527,1471
1523,1475,1523,1475
1523,1476,1523,1476
1520,1479,1520,1479
1518,1480,1518,1480
1519,1480,1519,1480
1521,1478,1521,1478
1519,1480,1519,1480
1525,1474,1525,1474
1526,1473,1526,1473
1548,1450,1548,1450
1460,1539,1460,1539
1582,1417,1582,1417
1704,1295,1704,1295
1781,1218,1781,1218
1800,1171,1800,1171
1800,1136,1800,1136
1547,1451,1547,1451
1541,1457,1541,1457
1644,1354,1644,1354
1773,1225,1773,1225
1626,1373,1626,1373
1551,1447,1551,1447
1575,1423,1575,1423
1618,1381,1618,1381
1366,1633,1366,1633
1331,1668,1331,1668
1422,1577,1422,1577
1380,1619,1380,1619
1534,1465,1534,1465
1503,1496,1503,1496
1607,1392,1607,1392
1742,1257,1742,1257
1738,1261,1738,1261
1668,1331,1668,1331
1638,1361,1638,1361
1655,1343,1655,1343
1655,1343,1655,1343
1452,1546,1452,1546
1411,1588,1411,1588
1520,1478,1520,1478
1521,1477,1521,1477
1495,1504,1495,1504
1538,1461,1538,1461
1570,1429,1570,1429
1626,1372,1626,1372
1683,1316,1683,1316
1700,1299,1700,1299
1699,1300,1699,1300
1686,1313,1686,1313
1690,1308,1690,1308
1673,1325,1673,1325
1577,1422,1577,1422
1544,1454,1544,1454
1510,1489,1510,1489
1458,1541,1458,1541
1435,1564,1435,1564
1443,1555,1443,1555
1458,1541,1458,1541
1514,1485,1514,1485
1526,1473,1526,1473
1566,1433,1566,1433
1538,1461,1538,1461
1583,1416,1583,1416
1587,1411,1587,1411
1597,1402,1597,1402
1589,1410,1589,1410
1600,1399,1600,1399
1575,1424,1575,1424
1601,1398,1601,1398
1641,1357,1641,1357
1625,1374,1625,1374
1613,1386,1613,1386
1470,1529,1470,1529
1382,1617,1382,1617
1337,1661,1337,1661
1405,1594,1405,1594
1430,1569,1430,1569
1472,1527,1472,1527
1592,1407,1592,1407
1699,1299,1699,1299
1757,1242,1757,1242
1740,1259,1740,1259
1664,1334,1664,1334
1580,1419,1580,1419
1584,1415,1584,1415
1486,1513,1486,1513
1404,1595,1404,1595
1415,1584,1415,1584
1416,1583,1416,1583
1413,1586,1413,1586
1443,1556,1443,1556
1462,1537,1462,1537
1543,1456,1543,1456
1595,1403,1595,1403
1653,1346,1653,1346
1657,1341,1657,1341
1672,1327,1672,1327
1636,1362,1636,1362
1603,1396,1603,1396
1511,1488,1511,1488
1554,1445,1554,1445
1556,1443,1556,1443
1561,1438,1561,1438
1519,1479,1519,1479
1511,1488,1511,1488
1469,1529,1469,1529
1503,1496,1503,1496
1493,1506,1493,1506
1517,1482,1517,1482
1545,1454,1545,1454
1573,1426,1573,1426
1592,1407,1592,1407
1625,1374,1625,1374
1620,1379,1620,1379
1629,1370,1629,1370
1584,1415,1584,1415
1527,1471,1527,1471
1439,1559,1439,1559
1397,1601,1397,1601
1418,1581,1418,1581
1437,1562,1437,1562
1469,1530,1469,1530
1500,1499,1500,1499
1552,1447,1552,1447
1640,1359,1640,1359
1701,1298,1701,1298
1733,1265,1733,1265
1700,1298,1700,1298
1589,1410,1589,1410
1551,1447,1551,1447
1589,1410,1589,1410
1556,1443,1556,1443
1478,1521,1478,1521
1425,1573,1425,1573
1399,1599,1399,1599
1419,1579,1419,1579
1461,1538,1461,1538
1445,1554,1445,1554
1448,1550,1448,1550
1495,1503,1495,1503
1570,1429,1570,1429
1669,1330,1669,1330
1719,1280,1719,1280
1715,1284,1715,1284
1732,1267,1732,1267
1662,1337,1662,1337
1497,1502,1497,1502
1479,1520,1479,1520
1565,1434,1565,1434
1461,1537,1461,1537
1430,1569,1430,1569
1349,1649,1349,1649
1334,1664,1334,1664
1331,1668,1331,1668
1412,1587,1412,1587
1539,1460,1539,1460
1587,1411,1587,1411
1488,1510,1488,1510
1476,1523,1476,1523
1516,1483,1516,1483
1560,1439,1560,1439
1606,1392,1606,1392
1705,1293,1705,1293
1707,1291,1707,1291
1697,1302,1697,1302
1676,1322,1676,1322
1554,1445,1554,1445
1398,1600,1398,1600
1446,1553,1446,1553
1528,1471,1528,1471
1502,1496,1502,1496
1477,1522,1477,1522
1489,1509,1489,1509
1505,1494,1505,1494
1524,1474,1524,1474
1545,1454,1545,1454
1548,1451,1548,1451
1562,1436,1562,1436
1548,1451,1548,1451
1558,1441,1558,1441
1533,1465,1533,1465
1531,1467,1531,1467
1491,1508,1491,1508
1480,1519,1480,1519
1461,1538,1461,1538
1458,1541,1458,1541
1450,1548,1450,1548
1469,1530,1469,1530
1472,1526,1472,1526
1485,1514,1485,1514
1464,1535,1464,1535
1438,1560,1438,1560
1419,1580,1419,1580
1454,1544,1454,1544
1512,1486,1512,1486
1544,1455,1544,1455
1526,1472,1526,1472
1549,1449,1549,1449
1523,1476,1523,1476
1530,1469,1530,1469
1527,1472,1527,1472
1533,1466,1533,1466
1534,1465,1534,1465
1543,1456,1543,1456
1543,1455,1543,1455
1552,1447,1552,1447
1560,1439,1560,1439
1578,1421,1578,1421
1583,1415,1583,1415
1594,1405,1594,1405
1607,1392,1607,1392
1619,1380,1619,1380
1641,1358,1641,1358
1677,1321,1677,1321
1650,1349,1650,1349
1633,1365,1633,1365
1593,1406,1593,1406
1554,1444,1554,1444
1499,1499,1499,1499
1413,1585,1413,1585
1385,1613,1385,1613
1510,1489,1510,1489
1487,1511,1487,1511
1502,1497,1502,1497
1459,1540,1459,1540
1478,1521,1478,1521
1449,1550,1449,1550
1454,1545,1454,1545
1437,1562,1437,1562
1468,1531,1468,1531
1519,1480,1519,1480
1612,1387,1612,1387
1678,1320,1678,1320
1723,1276,1723,1276
1711,1287,1711,1287
1686,1313,1686,1313
1644,1354,1644,1354
1604,1395,1604,1395
1533,1466,1533,1466
1513,1486,1513,1486
1503,1496,1503,1496
1498,1501,1498,1501
1400,1599,1400,1599
1361,1638,1361,1638
1339,1660,1339,1660
1343,1656,1343,1656
1391,1607,1391,1607
1469,1530,1469,1530
1546,1453,1546,1453
1539,1460,1539,1460
1545,1454,1545,1454
1581,1418,1581,1418
1616,1382,1616,1382
1632,1366,1632,1366
1647,1352,1647,1352
1641,1358,1641,1358
1618,1381,1618,1381
1638,1361,1638,1361
1701,1298,1701,1298
1719,1280,1719,1280
1690,1308,1690,1308
1596,1402,1596,1402
1591,1408,1591,1408
1570,1429,1570,1429
1486,1512,1486,1512
1477,1522,1477,1522
1449,1549,1449,1549
1341,1658,1341,1658
1343,1656,1343,1656
1328,1671,1328,1671
1337,1661,1337,1661
1345,1653,1345,1653
1474,1525,1474,1525
1515,1484,1515,1484
1554,1445,1554,1445
1585,1413,1585,1413
1657,1341,1657,1341
1684,1315,1684,1315
1741,1257,1741,1257
1761,1238,1761,1238
1755,1244,1755,1244
1619,1379,1619,1379
1537,1461,1537,1461
1733,1266,1733,1266
1622,1377,1622,1377
1425,1574,1425,1574
1437,1562,1437,1562
1581,1418,1581,1418
1542,1457,1542,1457
1522,1477,1522,1477
1459,1540,1459,1540
1435,1563,1435,1563
1430,1569,1430,1569
1456,1542,1456,1542
1473,1526,1473,1526
1533,1466,1533,1466
1549,1449,1549,1449
1549,1450,1549,1450
1508,1491,1508,1491
1507,1492,1507,1492
1488,1511,1488,1511
1492,1507,1492,1507
1477,1522,1477,1522
1483,1516,1483,1516
1491,1507,1491,1507
1511,1488,1511,1488
1547,1452,1547,1452
1575,1424,1575,1424
1609,1389,1609,1389
1624,1375,1624,1375
1624,1375,1624,1375
1600,1399,1600,1399
1558,1440,1558,1440
1597,1402,1597,1402
1656,1343,1656,1343
1671,1328,1671,1328
1680,1318,1680,1318
1617,1382,1617,1382
1545,1454,1545,1454
1548,1451,1548,1451
1511,1487,1511,1487
1518,1481,1518,1481
1533,1466,1533,1466
1582,1417,1582,1417
1559,1440,1559,1440
1565,1433,1565,1433
1493,1506,1493,1506
1491,1507,1491,1507
1456,1543,1456,1543
1466,1532,1466,1532
1486,1513,1486,1513
1494,1504,1494,1504
1519,1479,1519,1479
1502,1496,1502,1496
1498,1501,1498,1501
1487,1512,1487,1512
1484,1515,1484,1515
1466,1533,1466,1533
1468,1531,1468,1531
1463,1536,1463,1536
1466,1532,1466,1532
1481,1518,1481,1518
1535,1463,1535,1463
1595,1403,1595,1403
1666,1333,1666,1333
1717,1281,1717,1281
1721,1278,1721,1278
1686,1313,1686,1313
1627,1372,1627,1372
1649,1350,1649,1350
1657,1341,1657,1341
1574,1424,1574,1424
1516,1483,1516,1483
1525,1474,1525,1474
1481,1518,1481,1518
1486,1513,1486,1513
1528,1471,1528,1471
1558,1440,1558,1440
1552,1447,1552,1447
1555,1444,1555,1444
1565,1434,1565,1434
1558,1440,1558,1440
1525,1474,1525,1474
1481,1517,1481,1517
1452,1547,1452,1547
1446,1552,1446,1552
1461,1538,1461,1538
1491,1508,1491,1508
1524,1474,1524,1474
1527,1472,1527,1472
1519,1480,1519,1480
1505,1494,1505,1494
1499,1500,1499,1500
1488,1511,1488,1511
1480,1518,1480,1518
1473,1526,1473,1526
1459,1540,1459,1540
1434,1565,1434,1565
1424,1574,1424,1574
1457,1541,1457,1541
1538,1461,1538,1461
1644,1355,1644,1355
1715,1284,1715,1284
1710,1289,1710,1289
1719,1280,1719,1280
1689,1309,1689,1309
1676,1323,1676,1323
1548,1451,1548,1451
1558,1440,1558,1440
1575,1424,1575,1424
1498,1500,1498,1500
1401,1598,1401,1598
1386,1613,1386,1613
1395,1604,1395,1604
1457,1542,1457,1542
1440,1559,1440,1559
1457,1542,1457,1542
1485,1514,1485,1514
1595,1404,1595,1404
1702,1297,1702,1297
1787,1212,1787,1212
1761,1238,1761,1238
1716,1283,1716,1283
1625,1373,1625,1373
1549,1450,1549,1450
1583,1416,1583,1416
1552,1447,1552,1447
1450,1549,1450,1549
1407,1592,1407,1592
1387,1611,1387,1611
1414,1585,1414,1585
1432,1566,1432,1566
1405,1594,1405,1594
1380,1618,1380,1618
1424,1574,1424,1574
1506,1493,1506,1493
1627,1371,1627,1371
1675,1324,1675,1324
1607,1392,1607,1392
1574,1424,1574,1424
1616,1383,1616,1383
1659,1340,1659,1340
1674,1324,1674,1324
1678,1321,1678,1321
1632,1366,1632,1366
1532,1467,1532,1467
1554,1445,1554,1445
1533,1466,1533,1466
1513,1485,1513,1485
1474,1525,1474,1525
1509,1490,1509,1490
1521,1478,1521,1478
1531,1468,1531,1468
1518,1481,1518,1481
1543,1456,1543,1456
1536,1463,1536,1463
1524,1474,1524,1474
1506,1492,1506,1492
1482,1517,1482,1517
1465,1534,1465,1534
1477,1522,1477,1522
1474,1524,1474,1524
1483,1515,1483,1515
1471,1528,1471,1528
1451,1548,1451,1548
1414,1585,1414,1585
1391,1607,1391,1607
1378,1621,1378,1621
1445,1554,1445,1554
1545,1454,1545,1454
1648,1350,1648,1350
1654,1345,1654,1345
1647,1352,1647,1352
1642,1357,1642,1357
1637,1361,1637,1361
1617,1382,1617,1382
1632,1367,1632,1367
1664,1335,1664,1335
1717,1282,1717,1282
1652,1347,1652,1347
1575,1423,1575,1423
1459,1540,1459,1540
1527,1471,1527,1471
1621,1377,1621,1377
1498,1501,1498,1501
1456,1543,1456,1543
1377,1622,1377,1622
1371,1628,1371,1628
1364,1635,1364,1635
1395,1604,1395,1604
1443,1556,1443,1556
1566,1433,1566,1433
1616,1383,1616,1383
1553,1445,1553,1445
1537,1462,1537,1462
1586,1413,1586,1413
1596,1403,1596,1403
1635,1363,1635,1363
1626,1373,1626,1373
1645,1354,1645,1354
1629,1370,1629,1370
1617,1382,1617,1382
1616,1383,1616,1383
1667,1331,1667,1331
1680,1319,1680,1319
1681,1317,1681,1317
1639,1359,1639,1359
1540,1459,1540,1459
1432,1567,1432,1567
1464,1535,1464,1535
1594,1404,1594,1404
1535,1464,1535,1464
1506,1493,1506,1493
1475,1523,1475,1523
1467,1531,1467,1531
1433,1565,1433,1565
1453,1546,1453,1546
1474,1524,1474,1524
1497,1502,1497,1502
1504,1495,1504,1495
1483,1516,1483,1516
1457,1542,1457,1542
1430,1568,1430,1568
1439,1560,1439,1560
1478,1521,1478,1521
1550,1448,1550,1448
1622,1377,1622,1377
1670,1329,1670,1329
1679,1320,1679,1320
1674,1324,1674,1324
1666,1333,1666,1333
1582,1417,1582,1417
1512,1486,1512,1486
1500,1499,1500,1499
1541,1458,1541,1458
1568,1431,1568,1431
1568,1431,1568,1431
1588,1411,1588,1411
1559,1439,1559,1439
1545,1453,1545,1453
1489,1509,1489,1509
1463,1536,1463,1536
1443,1556,1443,1556
1451,1548,1451,1548
1474,1524,1474,1524
1486,1513,1486,1513
1481,1517,1481,1517
1442,1556,1442,1556
1388,1611,1388,1611
1366,1633,1366,1633
1395,1604,1395,1604
1461,1537,1461,1537
1534,1464,1534,1464
1548,1451,1548,1451
1521,1478,1521,1478
1535,1463,1535,1463
1557,1442,1557,1442
1576,1423,1576,1423
1610,1389,1610,1389
1628,1370,1628,1370
1655,1344,1655,1344
1631,1368,1631,1368
1630,1369,1630,1369
1587,1411,1587,1411
1541,1457,1541,1457
1557,1442,1557,1442
1596,1403,1596,1403
1608,1391,1608,1391
1585,1414,1585,1414
1556,1442,1556,1442
1570,1429,1570,1429
1580,1418,1580,1418
1592,1407,1592,1407
1545,1454,1545,1454
1465,1534,1465,1534
1414,1585,1414,1585
1392,1606,1392,1606
1415,1584,1415,1584
1465,1533,1465,1533
1544,1455,1544,1455
1569,1429,1569,1429
1549,1449,1549,1449
1499,1499,1499,1499
1486,1513,1486,1513
1475,1524,1475,1524
1466,1533,1466,1533
1485,1513,1485,1513
1483,1516,1483,1516
1574,1425,1574,1425
1648,1350,1648,1350
1685,1314,1685,1314
1728,1270,1728,1270
1727,1272,1727,1272
1660,1338,1660,1338
1523,1475,1523,1475
1507,1491,1507,1491
1662,1336,1662,1336
1577,1422,1577,1422
1453,1546,1453,1546
1356,1643,1356,1643
1384,1615,1384,1615
1425,1573,1425,1573
1426,1573,1426,1573
1408,1590,1408,1590
1462,1536,1462,1536
1550,1448,1550,1448
1615,1384,1615,1384
1591,1407,1591,1407
1566,1433,1566,1433
1533,1466,1533,1466
1543,1455,1543,1455
1549,1450,1549,1450
1557,1441,1557,1441
1589,1409,1589,1409
1608,1390,1608,1390
1621,1378,1621,1378
1629,1369,1629,1369
1645,1353,1645,1353
1667,1332,1667,1332
1703,1296,1703,1296
1714,1284,1714,1284
1624,1375,1624,1375
1529,1470,1529,1470
1532,1467,1532,1467
1544,1454,1544,1454
1521,1478,1521,1478
1529,1469,1529,1469
1500,1499,1500,1499
1511,1488,1511,1488
1509,1490,1509,1490
1475,1523,1475,1523
1457,1542,1457,1542
1438,1560,1438,1560
1442,1557,1442,1557
1451,1547,1451,1547
1429,1570,1429,1570
1400,1599,1400,1599
1371,1628,1371,1628
1424,1574,1424,1574
1542,1457,1542,1457
1682,1317,1682,1317
1636,1363,1636,1363
1594,1404,1594,1404
1578,1420,1578,1420
1616,1383,1616,1383
1622,1377,1622,1377
1611,1388,1611,1388
1605,1394,1605,1394
1625,1374,1625,1374
1626,1373,1626,1373
1620,1379,1620,1379
1538,1461,1538,1461
1473,1526,1473,1526
1437,1562,1437,1562
1488,1511,1488,1511
1453,1545,1453,1545
1453,1546,1453,1546
1450,1549,1450,1549
1467,1532,1467,1532
1520,1478,1520,1478
1599,1399,1599,1399
1664,1335,1664,1335
1700,1299,1700,1299
1710,1289,1710,1289
1706,1292,1706,1292
1651,1348,1651,1348
1602,1396,1602,1396
1570,1428,1570,1428
1580,1418,1580,1418
1577,1421,1577,1421
1526,1473,1526,1473
1407,1591,1407,1591
1413,1586,1413,1586
1426,1573,1426,1573
1445,1554,1445,1554
1410,1588,1410,1588
1452,1546,1452,1546
1481,1518,1481,1518
1560,1439,1560,1439
1618,1381,1618,1381
1613,1385,1613,1385
1564,1435,1564,1435
1543,1455,1543,1455
1556,1443,1556,1443
1551,1448,1551,1448
1557,1441,1557,1441
1561,1438,1561,1438
1568,1431,1568,1431
1567,1432,1567,1432
1587,1412,1587,1412
1619,1380,1619,1380
1633,1365,1633,1365
1657,1342,1657,1342
1655,1344,1655,1344
1642,1357,1642,1357
1607,1391,1607,1391
1609,1390,1609,1390
1569,1430,1569,1430
1507,1492,1507,1492
1439,1559,1439,1559
1431,1568,1431,1568
1397,1602,1397,1602
1384,1615,1384,1615
1371,1628,1371,1628
1396,1603,1396,1603
1473,1526,1473,1526
1546,1453,1546,1453
1549,1450,1549,1450
1513,1486,1513,1486
1555,1444,1555,1444
1591,1407,1591,1407
1581,1418,1581,1418
1566,1433,1566,1433
1565,1433,1565,1433
1591,1408,1591,1408
1628,1371,1628,1371
1659,1339,1659,1339
1627,1371,1627,1371
1588,1411,1588,1411
1586,1413,1586,1413
1617,1382,1617,1382
1601,1398,1601,1398
1597,1402,1597,1402
1589,1410,1589,1410
1663,1336,1663,1336
1628,1371,1628,1371
1644,1355,1644,1355
1540,1459,1540,1459
1517,1482,1517,1482
1468,1530,1468,1530
1408,1591,1408,1591
1388,1611,1388,1611
1406,1593,1406,1593
1418,1581,1418,1581
1451,1547,1451,1547
1492,1506,1492,1506
1599,1400,1599,1400
1656,1342,1656,1342
1619,1379,1619,1379
1587,1411,1587,1411
1592,1407,1592,1407
1619,1380,1619,1380
1682,1316,1682,1316
1694,1305,1694,1305
1647,1352,1647,1352
1618,1380,1618,1380
1558,1441,1558,1441
1596,1402,1596,1402
1534,1465,1534,1465
1486,1512,1486,1512
1411,1588,1411,1588
1450,1549,1450,1549
1467,1532,1467,1532
1509,1489,1509,1489
1533,1466,1533,1466
1593,1406,1593,1406
1642,1356,1642,1356
1668,1331,1668,1331
1666,1332,1666,1332
1602,1397,1602,1397
1551,1447,1551,1447
1474,1525,1474,1525
1494,1504,1494,1504
1477,1522,1477,1522
1466,1533,1466,1533
1439,1560,1439,1560
1425,1573,1425,1573
1443,1556,1443,1556
1469,1530,1469,1530
1598,1400,1598,1400
1644,1355,1644,1355
1687,1311,1687,1311
1655,1344,1655,1344
1645,1353,1645,1353
1656,1342,1656,1342
1754,1245,1754,1245
1534,1465,1534,1465
1659,1339,1659,1339
1486,1513,1486,1513
1586,1413,1586,1413
1376,1622,1376,1622
1349,1650,1349,1650
1311,1688,1311,1688
1347,1652,1347,1652
1330,1668,1330,1668
1486,1513,1486,1513
1552,1447,1552,1447
1559,1440,1559,1440
1455,1544,1455,1544
1537,1462,1537,1462
1604,1395,1604,1395
1688,1311,1688,1311
1702,1297,1702,1297
1697,1302,1697,1302
1662,1336,1662,1336
1709,1289,1709,1289
1684,1314,1684,1314
1588,1411,1588,1411
1500,1499,1500,1499
1595,1404,1595,1404
1583,1416,1583,1416
1516,1483,1516,1483
1525,1473,1525,1473
1478,1521,1478,1521
1402,1597,1402,1597
1328,1671,1328,1671
1356,1642,1356,1642
1386,1613,1386,1613
1505,1494,1505,1494
1570,1429,1570,1429
1538,1461,1538,1461
1481,1517,1481,1517
1532,1467,1532,1467
1556,1442,1556,1442
1656,1343,1656,1343
1708,1291,1708,1291
1726,1273,1726,1273
1715,1284,1715,1284
1667,1332,1667,1332
1626,1373,1626,1373
1582,1417,1582,1417
1467,1532,1467,1532
1453,1546,1453,1546
1530,1468,1530,1468
1512,1487,1512,1487
1486,1512,1486,1512
1476,1523,1476,1523
1507,1492,1507,1492
1528,1471,1528,1471
1543,1456,1543,1456
1525,1474,1525,1474
1508,1491,1508,1491
1470,1529,1470,1529
1456,1543,1456,1543
1408,1591,1408,1591
1391,1608,1391,1608
1375,1623,1375,1623
1429,1569,1429,1569
1507,1491,1507,1491
1627,1372,1627,1372
1609,1390,1609,1390
1531,1467,1531,1467
1531,1468,1531,1468
1559,1439,1559,1439
1557,1442,1557,1442
1557,1441,1557,1441
1553,1446,1553,1446
1546,1452,1546,1452
1552,1446,1552,1446
1558,1441,1558,1441
1573,1426,1573,1426
1590,1409,1590,1409
1610,1389,1610,1389
1598,1400,1598,1400
1554,1445,1554,1445
1490,1509,1490,1509
1447,1552,1447,1552
1465,1534,1465,1534
1491,1508,1491,1508
1508,1491,1508,1491
1536,1463,1536,1463
1595,1404,1595,1404
1633,1366,1633,1366
1653,1346,1653,1346
1629,1369,1629,1369
1599,1400,1599,1400
1569,1430,1569,1430
1554,1444,1554,1444
1534,1464,1534,1464
1469,1530,1469,1530
1427,1572,1427,1572
1433,1565,1433,1565
1437,1562,1437,1562
1463,1536,1463,1536
1546,1453,1546,1453
1588,1410,1588,1410
1599,1400,1599,1400
1600,1399,1600,1399
1617,1382,1617,1382
1628,1371,1628,1371
1641,1357,1641,1357
1632,1367,1632,1367
1614,1385,1614,1385
1568,1431,1568,1431
1543,1456,1543,1456
1460,1539,1460,1539
1391,1608,1391,1608
1361,1637,1361,1637
1393,1606,1393,1606
1435,1564,1435,1564
1558,1440,1558,1440
1605,1393,1605,1393
1610,1389,1610,1389
1507,1491,1507,1491
1528,1471,1528,1471
1511,1487,1511,1487
1568,1431,1568,1431
1563,1436,1563,1436
1588,1411,1588,1411
1559,1440,1559,1440
1565,1434,1565,1434
1535,1464,1535,1464
1545,1454,1545,1454
1559,1440,1559,1440
1576,1422,1576,1422
1562,1436,1562,1436
1542,1456,1542,1456
1536,1463,1536,1463
1522,1477,1522,1477
1542,1457,1542,1457
1573,1425,1573,1425
1596,1403,1596,1403
1598,1401,1598,1401
1582,1417,1582,1417
1563,1436,1563,1436
1560,1439,1560,1439
1565,1434,1565,1434
1583,1415,1583,1415
1580,1419,1580,1419
1541,1458,1541,1458
1523,1476,1523,1476
1564,1434,1564,1434
1578,1420,1578,1420
1594,1405,1594,1405
1582,1417,1582,1417
1547,1452,1547,1452
1530,1468,1530,1468
1541,1458,1541,1458
1576,1423,1576,1423
1605,1393,1605,1393
1596,1403,1596,1403
1560,1439,1560,1439
1541,1458,1541,1458
1524,1475,1524,1475
1587,1412,1587,1412
1570,1429,1570,1429
1566,1433,1566,1433
1553,1446,1553,1446
1566,1433,1566,1433
1603,1395,1603,1395
1654,1344,1654,1344
1652,1347,1652,1347
1648,1351,1648,1351
1668,1331,1668,1331
1725,1274,1725,1274
1742,1257,1742,1257
1659,1340,1659,1340
1525,1473,1525,1473
1604,1394,1604,1394
1490,1509,1490,1509
1516,1483,1516,1483
1538,1461,1538,1461
1538,1461,1538,1461
1472,1527,1472,1527
1460,1539,1460,1539
1467,1532,1467,1532
1518,1480,1518,1480
1524,1475,1524,1475
1533,1466,1533,1466
1497,1502,1497,1502
1500,1499,1500,1499
1457,1542,1457,1542
1460,1539,1460,1539
1446,1553,1446,1553
1501,1498,1501,1498
1546,1453,1546,1453
1631,1368,1631,1368
1649,1350,1649,1350
1645,1353,1645,1353
1630,1368,1630,1368
1638,1361,1638,1361
1643,1356,1643,1356
1640,1358,1640,1358
1590,1409,1590,1409
1525,1474,1525,1474
1480,1519,1480,1519
1461,1538,1461,1538
1400,1599,1400,1599
1353,1646,1353,1646
1391,1607,1391,1607
1426,1572,1426,1572
1501,1497,1501,1497
1494,1505,1494,1505
1461,1537,1461,1537
1495,1504,1495,1504
1574,1425,1574,1425
1626,1373,1626,1373
1642,1357,1642,1357
1632,1367,1632,1367
1589,1410,1589,1410
1617,1382,1617,1382
1653,1346,1653,1346
1702,1297,1702,1297
1710,1288,1710,1288
1639,1359,1639,1359
1549,1449,1549,1449
1537,1462,1537,1462
1476,1523,1476,1523
1418,1581,1418,1581
1439,1560,1439,1560
1470,1529,1470,1529
1434,1565,1434,1565
1410,1588,1410,1588
1393,1606,1393,1606
1444,1555,1444,1555
1497,1502,1497,1502
1551,1448,1551,1448
1503,1495,1503,1495
1532,1467,1532,1467
1560,1438,1560,1438
1641,1357,1641,1357
1665,1333,1665,1333
1686,1313,1686,1313
1649,1349,1649,1349
1619,1379,1619,1379
1621,1378,1621,1378
1592,1407,1592,1407
1500,1498,1500,1498
1396,1603,1396,1603
1381,1617,1381,1617
1399,1599,1399,1599
1378,1621,1378,1621
1371,1628,1371,1628
1467,1532,1467,1532
1588,1410,1588,1410
1528,1471,1528,1471
1462,1537,1462,1537
1519,1479,1519,1479
1581,1418,1581,1418
1620,1379,1620,1379
1588,1411,1588,1411
1564,1434,1564,1434
1544,1454,1544,1454
1533,1466,1533,1466
1516,1483,1516,1483
1507,1491,1507,1491
1530,1469,1530,1469
1559,1440,1559,1440
1604,1395,1604,1395
1626,1373,1626,1373
1642,1357,1642,1357
1631,1368,1631,1368
1612,1387,1612,1387
1597,1401,1597,1401
1582,1417,1582,1417
1561,1437,1561,1437
1505,1494,1505,1494
1501,1498,1501,1498
1547,1452,1547,1452
1538,1461,1538,1461
1509,1490,1509,1490
1492,1507,1492,1507
1538,1461,1538,1461
1589,1410,1589,1410
1659,1339,1659,1339
1704,1294,1704,1294
1727,1272,1727,1272
1687,1312,1687,1312
1636,1362,1636,1362
1549,1449,1549,1449
1504,1494,1504,1494
1467,1532,1467,1532
1509,1490,1509,1490
1552,1447,1552,1447
1549,1450,1549,1450
1477,1521,1477,1521
1474,1525,1474,1525
1425,1574,1425,1574
1430,1568,1430,1568
1395,1604,1395,1604
1378,1620,1378,1620
1405,1594,1405,1594
1517,1481,1517,1481
1543,1455,1543,1455
1540,1459,1540,1459
1512,1486,1512,1486
1533,1466,1533,1466
1589,1410,1589,1410
1646,1353,1646,1353
1647,1352,1647,1352
1608,1390,1608,1390
1577,1422,1577,1422
1535,1463,1535,1463
1551,1447,1551,1447
1573,1425,1573,1425
1549,1449,1549,1449
1490,1508,1490,1508
1455,1544,1455,1544
1452,1547,1452,1547
1472,1526,1472,1526
1464,1535,1464,1535
1406,1593,1406,1593
1350,1648,1350,1648
1331,1667,1331,1667
1393,1606,1393,1606
1517,1481,1517,1481
1481,1518,1481,1518
1403,1596,1403,1596
1440,1559,1440,1559
1553,1446,1553,1446
1535,1463,1535,1463
1536,1463,1536,1463
1569,1430,1569,1430
1628,1370,1628,1370
1662,1337,1662,1337
1654,1345,1654,1345
1673,1326,1673,1326
1687,1312,1687,1312
1677,1322,1677,1322
1575,1424,1575,1424
1476,1522,1476,1522
1442,1556,1442,1556
1390,1609,1390,1609
1383,1616,1383,1616
1372,1627,1372,1627
1463,1535,1463,1535
1575,1423,1575,1423
1655,1344,1655,1344
1549,1450,1549,1450
1531,1468,1531,1468
1525,1474,1525,1474
1511,1487,1511,1487
1493,1506,1493,1506
1510,1488,1510,1488
1545,1453,1545,1453
1585,1414,1585,1414
1598,1401,1598,1401
1613,1385,1613,1385
1617,1381,1617,1381
1598,1401,1598,1401
1558,1441,1558,1441
1518,1481,1518,1481
1564,1435,1564,1435
1573,1426,1573,1426
1541,1457,1541,1457
1485,1514,1485,1514
1450,1549,1450,1549
1454,1544,1454,1544
1423,1576,1423,1576
1397,1602,1397,1602
1433,1566,1433,1566
1551,1447,1551,1447
1607,1391,1607,1391
1572,1426,1572,1426
1507,1492,1507,1492
1512,1487,1512,1487
1522,1476,1522,1476
1553,1445,1553,1445
1582,1416,1582,1416
1604,1395,1604,1395
1611,1388,1611,1388
1617,1382,1617,1382
1596,1402,1596,1402
1555,1444,1555,1444
1538,1461,1538,1461
1589,1409,1589,1409
1606,1393,1606,1393
1576,1423,1576,1423
1501,1497,1501,1497
1502,1496,1502,1496
1531,1468,1531,1468
1523,1476,1523,1476
1476,1523,1476,1523
1449,1549,1449,1549
1466,1532,1466,1532
1529,1469,1529,1469
1596,1402,1596,1402
1628,1371,1628,1371
1600,1398,1600,1398
1578,1421,1578,1421
1549,1449,1549,1449
1531,1468,1531,1468
1530,1468,1530,1468
1556,1443,1556,1443
1523,1475,1523,1475
1491,1508,1491,1508
1433,1565,1433,1565
1447,1551,1447,1551
1499,1499,1499,1499
1593,1405,1593,1405
1694,1305,1694,1305
1705,1293,1705,1293
1675,1324,1675,1324
1624,1375,1624,1375
1576,1423,1576,1423
1580,1419,1580,1419
1662,1336,1662,1336
1626,1373,1626,1373
1579,1420,1579,1420
1583,1416,1583,1416
1570,1429,1570,1429
1509,1490,1509,1490
1477,1522,1477,1522
1484,1515,1484,1515
1457,1541,1457,1541
1474,1525,1474,1525
1497,1502,1497,1502
1532,1467,1532,1467
1486,1513,1486,1513
1414,1585,1414,1585
1346,1652,1346,1652
1345,1654,1345,1654
1432,1566,1432,1566
1571,1428,1571,1428
1535,1463,1535,1463
1476,1522,1476,1522
1550,1449,1550,1449
1627,1371,1627,1371
1676,1323,1676,1323
1600,1399,1600,1399
1560,1438,1560,1438
1538,1461,1538,1461
1604,1395,1604,1395
1618,1381,1618,1381
1573,1426,1573,1426
1549,1450,1549,1450
1574,1425,1574,1425
1627,1371,1627,1371
1608,1391,1608,1391
1575,1424,1575,1424
1598,1401,1598,1401
1644,1355,1644,1355
1604,1394,1604,1394
1588,1411,1588,1411
1630,1368,1630,1368
1634,1364,1634,1364
1613,1386,1613,1386
1635,1363,1635,1363
1674,1325,1674,1325
1637,1362,1637,1362
1679,1319,1679,1319
1658,1341,1658,1341
1653,1345,1653,1345
1716,1283,1716,1283
1659,1340,1659,1340
1681,1318,1681,1318
1693,1306,1693,1306
1525,1474,1525,1474
1589,1410,1589,1410
1350,1648,1350,1648
1444,1555,1444,1555
1376,1622,1376,1622
1357,1642,1357,1642
1375,1624,1375,1624
1488,1510,1488,1510
1557,1442,1557,1442
1560,1438,1560,1438
1460,1539,1460,1539
1541,1458,1541,1458
1641,1358,1641,1358
1740,1259,1740,1259
1706,1292,1706,1292
1679,1319,1679,1319
1636,1363,1636,1363
1648,1351,1648,1351
1636,1363,1636,1363
1617,1382,1617,1382
1572,1427,1572,1427
1534,1465,1534,1465
1469,1529,1469,1529
1466,1533,1466,1533
1467,1532,1467,1532
1402,1596,1402,1596
1464,1535,1464,1535
1485,1514,1485,1514
1487,1512,1487,1512
1449,1550,1449,1550
1502,1497,1502,1497
1524,1475,1524,1475
1543,1455,1543,1455
1474,1524,1474,1524
1424,1575,1424,1575
1439,1560,1439,1560
1552,1447,1552,1447
1624,1375,1624,1375
1592,1407,1592,1407
1522,1477,1522,1477
1545,1454,1545,1454
1593,1406,1593,1406
1590,1409,1590,1409
1617,1382,1617,1382
1666,1333,1666,1333
1728,1271,1728,1271
1758,1241,1758,1241
1693,1306,1693,1306
1670,1329,1670,1329
1659,1340,1659,1340
1515,1484,1515,1484
1506,1493,1506,1493
1430,1569,1430,1569
1445,1554,1445,1554
1407,1592,1407,1592
1374,1625,1374,1625
1365,1634,1365,1634
1427,1571,1427,1571
1487,1512,1487,1512
1484,1514,1484,1514
1486,1513,1486,1513
1526,1473,1526,1473
1522,1476,1522,1476
1487,1511,1487,1511
1412,1587,1412,1587
1474,1524,1474,1524
1600,1399,1600,1399
1613,1386,1613,1386
1557,1442,1557,1442
1542,1457,1542,1457
1539,1460,1539,1460
1526,1473,1526,1473
1580,1419,1580,1419
1654,1345,1654,1345
1721,1278,1721,1278
1683,1316,1683,1316
1589,1409,1589,1409
1607,1392,1607,1392
1656,1343,1656,1343
1563,1436,1563,1436
1535,1464,1535,1464
1575,1424,1575,1424
1474,1525,1474,1525
1488,1510,1488,1510
1446,1552,1446,1552
1386,1613,1386,1613
1350,1648,1350,1648
1433,1566,1433,1566
1540,1459,1540,1459
1503,1495,1503,1495
1475,1524,1475,1524
1563,1435,1563,1435
1613,1386,1613,1386
1556,1443,1556,1443
1479,1520,1479,1520
1457,1541,1457,1541
1511,1487,1511,1487
1610,1389,1610,1389
1689,1310,1689,1310
1693,1306,1693,1306
1631,1368,1631,1368
1641,1358,1641,1358
1692,1307,1692,1307
1624,1375,1624,1375
1619,1380,1619,1380
1653,1346,1653,1346
1533,1466,1533,1466
1555,1443,1555,1443
1515,1483,1515,1483
1504,1495,1504,1495
1507,1491,1507,1491
1490,1509,1490,1509
1432,1566,1432,1566
1410,1588,1410,1588
1403,1595,1403,1595
1481,1518,1481,1518
1515,1483,1515,1483
1488,1511,1488,1511
1435,1564,1435,1564
1515,1484,1515,1484
1624,1375,1624,1375
1603,1396,1603,1396
1545,1453,1545,1453
1544,1454,1544,1454
1559,1440,1559,1440
1567,1432,1567,1432
1627,1371,1627,1371
1709,1290,1709,1290
1760,1238,1760,1238
1684,1314,1684,1314
1621,1378,1621,1378
1689,1309,1689,1309
1588,1411,1588,1411
1560,1438,1560,1438
1552,1447,1552,1447
1463,1535,1463,1535
1526,1473,1526,1473
1494,1505,1494,1505
1517,1482,1517,1482
1559,1440,1559,1440
1521,1478,1521,1478
1444,1554,1444,1554
1415,1583,1415,1583
1514,1485,1514,1485
1598,1400,1598,1400
1608,1391,1608,1391
1507,1491,1507,1491
1461,1538,1461,1538
1495,1504,1495,1504
1582,1416,1582,1416
1674,1324,1674,1324
1646,1353,1646,1353
1544,1454,1544,1454
1543,1456,1543,1456
1527,1472,1527,1472
1457,1541,1457,1541
1483,1516,1483,1516
1576,1422,1576,1422
1645,1353,1645,1353
1638,1361,1638,1361
1592,1406,1592,1406
1577,1422,1577,1422
1606,1392,1606,1392
1523,1476,1523,1476
1533,1466,1533,1466
1624,1374,1624,1374
1621,1378,1621,1378
1617,1382,1617,1382
1677,1322,1677,1322
1697,1302,1697,1302
1625,1374,1625,1374
1636,1363,1636,1363
1612,1387,1612,1387
1616,1383,1616,1383
1607,1392,1607,1392
1552,1446,1552,1446
1519,1480,1519,1480
1459,1539,1459,1539
1454,1545,1454,1545
1386,1612,1386,1612
1266,1733,1266,1733
1258,1741,1258,1741
1408,1590,1408,1590
1490,1509,1490,1509
1353,1645,1353,1645
1505,1494,1505,1494
1524,1475,1524,1475
1491,1508,1491,1508
1567,1432,1567,1432
1555,1443,1555,1443
1558,1440,1558,1440
1658,1341,1658,1341
1664,1335,1664,1335
1606,1393,1606,1393
1559,1439,1559,1439
1618,1381,1618,1381
1664,1335,1664,1335
1624,1375,1624,1375
1666,1333,1666,1333
1733,1266,1733,1266
1670,1328,1670,1328
1692,1306,1692,1306
1642,1357,1642,1357
1642,1357,1642,1357
1558,1441,1558,1441
1580,1418,1580,1418
1480,1519,1480,1519
1539,1460,1539,1460
1498,1501,1498,1501
1504,1494,1504,1494
1509,1489,1509,1489
1419,1579,1419,1579
1279,1719,1279,1719
1312,1686,1312,1686
1420,1579,1420,1579
1555,1444,1555,1444
1350,1649,1350,1649
1455,1543,1455,1543
1554,1445,1554,1445
1410,1589,1410,1589
1484,1515,1484,1515
1576,1422,1576,1422
1498,1500,1498,1500
1483,1515,1483,1515
1598,1401,1598,1401
1614,1385,1614,1385
1599,1400,1599,1400
1617,1381,1617,1381
1622,1377,1622,1377
1624,1375,1624,1375
1645,1354,1645,1354
1603,1395,1603,1395
1541,1458,1541,1458
1585,1414,1585,1414
1544,1455,1544,1455
1585,1414,1585,1414
1627,1371,1627,1371
1618,1381,1618,1381
1690,1309,1690,1309
1663,1335,1663,1335
1558,1440,1558,1440
1628,1371,1628,1371
1505,1493,1505,1493
1541,1458,1541,1458
1508,1490,1508,1490
1397,1602,1397,1602
1464,1534,1464,1534
1497,1502,1497,1502
1547,1452,1547,1452
1627,1372,1627,1372
1567,1431,1567,1431
1509,1489,1509,1489
1552,1447,1552,1447
1614,1384,1614,1384
1701,1297,1701,1297
1656,1343,1656,1343
1559,1440,1559,1440
1545,1453,1545,1453
1621,1378,1621,1378
1578,1421,1578,1421
1641,1358,1641,1358
1680,1319,1680,1319
1657,1342,1657,1342
1652,1347,1652,1347
1632,1367,1632,1367
1597,1401,1597,1401
1550,1449,1550,1449
1495,1504,1495,1504
1530,1468,1530,1468
1432,1567,1432,1567
1544,1455,1544,1455
1513,1486,1513,1486
1592,1406,1592,1406
1688,1311,1688,1311
1636,1363,1636,1363
1470,1529,1470,1529
1503,1496,1503,1496
1618,1380,1618,1380
1587,1411,1587,1411
1619,1379,1619,1379
1744,1254,1744,1254
1626,1372,1626,1372
1559,1440,1559,1440
1575,1423,1575,1423
1456,1542,1456,1542
1523,1476,1523,1476
1539,1459,1539,1459
1552,1447,1552,1447
1605,1394,1605,1394
1551,1447,1551,1447
1463,1536,1463,1536
1532,1466,1532,1466
1604,1395,1604,1395
1600,1399,1600,1399
1585,1413,1585,1413
1537,1462,1537,1462
1461,1537,1461,1537
1506,1493,1506,1493
1608,1390,1608,1390
1664,1335,1664,1335
1586,1413,1586,1413
1550,1448,1550,1448
1514,1485,1514,1485
1492,1506,1492,1506
1641,1358,1641,1358
1713,1286,1713,1286
1596,1402,1596,1402
1541,1457,1541,1457
1555,1444,1555,1444
1476,1522,1476,1522
1600,1399,1600,1399
1645,1354,1645,1354
1504,1495,1504,1495
1515,1484,1515,1484
1547,1452,1547,1452
1530,1469,1530,1469
1618,1381,1618,1381
1666,1333,1666,1333
1537,1462,1537,1462
1461,1537,1461,1537
1513,1486,1513,1486
1536,1463,1536,1463
1634,1364,1634,1364
1668,1330,1668,1330
1521,1477,1521,1477
1479,1520,1479,1520
1567,1432,1567,1432
1613,1386,1613,1386
1609,1390,1609,1390
1587,1411,1587,1411
1541,1458,1541,1458
1579,1419,1579,1419
1690,1308,1690,1308
1638,1361,1638,1361
1648,1350,1648,1350
1609,1389,1609,1389
1472,1526,1472,1526
1561,1437,1561,1437
1558,1440,1558,1440
1646,1352,1646,1352
1694,1305,1694,1305
1526,1473,1526,1473
1578,1421,1578,1421
1613,1385,1613,1385
1604,1395,1604,1395
1700,1299,1700,1299
1553,1446,1553,1446
1535,1464,1535,1464
1530,1469,1530,1469
1494,1504,1494,1504
1672,1326,1672,1326
1607,1392,1607,1392
1541,1457,1541,1457
1560,1439,1560,1439
1578,1421,1578,1421
1623,1376,1623,1376
1585,1414,1585,1414
1475,1524,1475,1524
1496,1503,1496,1503
1525,1473,1525,1473
1652,1347,1652,1347
1627,1372,1627,1372
1467,1531,1467,1531
1516,1483,1516,1483
1626,1372,1626,1372
1581,1418,1581,1418
1546,1453,1546,1453
1632,1367,1632,1367
1596,1402,1596,1402
1633,1366,1633,1366
1570,1428,1570,1428
1481,1517,1481,1517
1693,1306,1693,1306
1687,1311,1687,1311
1583,1416,1583,1416
1644,1355,1644,1355
1615,1384,1615,1384
1724,1274,1724,1274
1615,1384,1615,1384
1562,1436,1562,1436
1669,1330,1669,1330
1650,1348,1650,1348
1635,1364,1635,1364
1497,1502,1497,1502
1652,1347,1652,1347
1629,1370,1629,1370
1620,1379,1620,1379
1564,1435,1564,1435
1710,1289,1710,1289
1675,1324,1675,1324
1578,1420,1578,1420
1612,1387,1612,1387
1709,1289,1709,1289
1626,1373,1626,1373
1586,1413,1586,1413
1654,1344,1654,1344
1627,1372,1627,1372
1533,1466,1533,1466
1545,1454,1545,1454
1631,1368,1631,1368
1532,1467,1532,1467
1637,1361,1637,1361
1628,1370,1628,1370
1692,1307,1692,1307
1550,1448,1550,1448
1627,1371,1627,1371
1675,1324,1675,1324
1462,1536,1462,1536
1679,1319,1679,1319
1641,1357,1641,1357
1637,1361,1637,1361
1679,1320,1679,1320
1710,1289,1710,1289
1662,1337,1662,1337
1625,1374,1625,1374
1759,1240,1759,1240
1563,1436,1563,1436
1670,1328,1670,1328
1687,1312,1687,1312
1637,1361,1637,1361
1707,1292,1707,1292
1721,1278,1721,1278
1685,1314,1685,1314
1719,1280,1719,1280
1800,1162,1800,1162
1626,1373,1626,1373
1789,1210,1789,1210
1724,1275,1724,1275
1585,1413,1585,1413
1800,1125,1800,1125
1649,1350,1649,1350
1720,1278,1720,1278
