0.000000,0.000000,0.000000
0.029423,-0.222764,-0.002185
0.031566,-0.222698,-0.002343
0.033535,-0.223411,-0.002497
0.035294,-0.226517,-0.002665
0.035733,-0.234091,-0.002788
0.035338,-0.240562,-0.002834
0.035664,-0.247558,-0.002943
0.036434,-0.252889,-0.003071
0.036834,-0.256214,-0.003146
0.036906,-0.255891,-0.003148
0.037192,-0.254994,-0.003161
0.037216,-0.252169,-0.003128
0.038153,-0.254482,-0.003237
0.038702,-0.247781,-0.003197
0.038497,-0.259705,-0.003333
0.037312,-0.255464,-0.003177
0.038418,-0.276512,-0.003541
0.038747,-0.334856,-0.004325
0.033351,-0.366135,-0.004071
0.029992,-0.425233,-0.004251
0.035652,-0.494739,-0.005880
0.034267,-0.592178,-0.006764
0.033062,-0.641199,-0.007067
0.035432,-0.691269,-0.008165
0.035571,-0.707027,-0.008384
0.036188,-0.710390,-0.008570
0.033864,-0.653492,-0.007377
0.035525,-0.565127,-0.006692
0.035654,-0.451878,-0.005371
0.033697,-0.342230,-0.003844
0.032557,-0.166775,-0.001810
0.035432,0.009124,0.000108
0.035372,0.170471,0.002010
0.032324,0.301501,0.003249
0.030791,0.355665,0.003651
0.033115,0.334162,0.003689
0.038442,0.217725,0.002790
0.039227,0.018759,0.000245
0.035657,-0.193312,-0.002298
0.037595,-0.442627,-0.005547
0.040629,-0.673050,-0.009116
0.042263,-0.817544,-0.011518
0.046652,-0.882770,-0.013729
0.043021,-0.838902,-0.012031
0.042737,-0.761917,-0.010855
0.040029,-0.640907,-0.008552
0.039183,-0.513452,-0.006707
0.034352,-0.400506,-0.004586
0.031503,-0.385231,-0.004045
0.033663,-0.413695,-0.004642
0.034877,-0.529110,-0.006152
0.036880,-0.696714,-0.008565
0.041472,-0.887148,-0.012265
0.045255,-1.086344,-0.016389
0.046934,-1.276886,-0.019978
0.046388,-1.416113,-0.021899
0.046445,-1.481934,-0.022945
0.046010,-1.471840,-0.022575
0.044801,-1.415435,-0.021139
0.041626,-1.295129,-0.017971
0.041941,-1.132888,-0.015839
0.041023,-0.960069,-0.013129
0.036249,-0.806466,-0.009745
0.033459,-0.678455,-0.007567
0.035247,-0.602996,-0.007085
0.034688,-0.593293,-0.006860
0.038143,-0.633650,-0.008057
0.035675,-0.720967,-0.008574
0.037756,-0.834439,-0.010502
0.036324,-0.955235,-0.011567
0.035460,-1.077881,-0.012741
0.035417,-1.196273,-0.014123
0.032113,-1.270542,-0.013601
0.030464,-1.314859,-0.013353
0.024753,-1.320054,-0.010892
0.024005,-1.286210,-0.010292
0.023585,-1.220072,-0.009592
0.025671,-1.115270,-0.009544
0.027467,-0.984184,-0.009011
0.023853,-0.834322,-0.006634
0.022222,-0.675205,-0.005002
0.022308,-0.543446,-0.004041
0.021338,-0.448283,-0.003188
0.024625,-0.428066,-0.003514
0.026189,-0.467354,-0.004080
0.025543,-0.569643,-0.004850
0.026559,-0.700723,-0.006204
0.023096,-0.846330,-0.006516
0.022118,-0.953086,-0.007027
0.022950,-1.009224,-0.007721
0.019680,-0.992104,-0.006508
0.020297,-0.915631,-0.006195
0.019197,-0.782405,-0.005007
0.016278,-0.626931,-0.003402
0.016187,-0.468611,-0.002528
0.017159,-0.337253,-0.001929
0.018059,-0.234929,-0.001414
0.018711,-0.193566,-0.001207
0.018078,-0.199973,-0.001205
0.018848,-0.257743,-0.001619
0.016969,-0.349851,-0.001979
0.018201,-0.466797,-0.002832
0.017804,-0.595153,-0.003532
0.017092,-0.695557,-0.003963
0.016651,-0.760119,-0.004219
0.015318,-0.794724,-0.004058
0.016436,-0.794883,-0.004355
0.015151,-0.757427,-0.003825
0.015167,-0.696320,-0.003520
0.013379,-0.631067,-0.002814
0.014463,-0.553424,-0.002668
0.010282,-0.467952,-0.001604
0.010020,-0.393962,-0.001316
0.013435,-0.323741,-0.001450
0.012971,-0.287706,-0.001244
0.010592,-0.260066,-0.000918
0.011782,-0.266813,-0.001048
0.013942,-0.295720,-0.001374
0.013194,-0.338024,-0.001487
0.014005,-0.383802,-0.001792
0.015445,-0.437094,-0.002250
0.016545,-0.461540,-0.002545
0.016196,-0.473754,-0.002558
0.015477,-0.454546,-0.002345
0.014260,-0.418517,-0.001989
0.014204,-0.366512,-0.001735
0.014017,-0.335356,-0.001567
0.014356,-0.329269,-0.001576
0.012029,-0.357106,-0.001432
0.012627,-0.426685,-0.001796
0.014307,-0.528394,-0.002520
0.013298,-0.657150,-0.002913
0.012905,-0.807402,-0.003473
0.013096,-0.938740,-0.004098
0.015504,-1.026246,-0.005304
0.015624,-1.069581,-0.005570
0.017789,-1.058237,-0.006275
0.016263,-0.988516,-0.005359
0.019041,-0.894386,-0.005677
0.013416,-0.773896,-0.003461
0.013439,-0.639971,-0.002867
0.012928,-0.519032,-0.002237
0.012353,-0.420762,-0.001733
0.013230,-0.359572,-0.001586
0.011518,-0.326231,-0.001253
0.011212,-0.336748,-0.001259
0.010253,-0.380457,-0.001300
0.010733,-0.467174,-0.001671
0.010357,-0.573088,-0.001978
0.009754,-0.692006,-0.002250
0.010865,-0.803868,-0.002911
0.010802,-0.865495,-0.003116
0.009199,-0.859797,-0.002636
0.010343,-0.826234,-0.002848
0.011565,-0.721854,-0.002783
0.012533,-0.579224,-0.002420
0.010541,-0.422024,-0.001483
0.012740,-0.260352,-0.001106
0.014650,-0.097346,-0.000475
0.012676,0.042036,0.000178
0.012747,0.155917,0.000662
0.015066,0.201100,0.001010
0.016407,0.209261,0.001144
0.012611,0.177427,0.000746
0.009286,0.092666,0.000287
0.010468,-0.013252,-0.000046
0.014241,-0.113855,-0.000540
0.012955,-0.240946,-0.001040
0.010117,-0.372295,-0.001256
0.009703,-0.507035,-0.001640
0.011116,-0.635870,-0.002356
0.012072,-0.732034,-0.002946
0.017360,-0.749347,-0.004336
0.015145,-0.729293,-0.003682
0.012530,-0.646447,-0.002700
0.016291,-0.535449,-0.002908
0.015924,-0.386204,-0.002050
0.016533,-0.266247,-0.001467
0.016539,-0.155278,-0.000856
0.019552,-0.050675,-0.000330
0.020773,0.036883,0.000255
0.023096,0.111281,0.000857
0.021543,0.168865,0.001213
0.023243,0.218460,0.001693
0.024956,0.261607,0.002176
0.027884,0.299958,0.002788
0.028889,0.342382,0.003297
0.030552,0.393117,0.004004
0.032870,0.454071,0.004975
0.034639,0.521871,0.006026
0.036296,0.595430,0.007204
0.036952,0.667647,0.008224
0.036518,0.739027,0.008996
0.038515,0.794006,0.010194
0.041486,0.840548,0.011624
0.041819,0.874900,0.012196
0.039537,0.891068,0.011744
0.039549,0.890244,0.011737
0.039866,0.866561,0.011516
0.041891,0.828594,0.011571
0.043408,0.768092,0.011114
0.041179,0.686543,0.009424
0.036889,0.585645,0.007202
0.034867,0.458823,0.005333
0.035250,0.326727,0.003839
0.034615,0.184956,0.002134
0.032215,0.046964,0.000504
0.029485,-0.090167,-0.000886
0.028322,-0.226949,-0.002143
0.029044,-0.360329,-0.003489
0.028802,-0.490037,-0.004705
0.028125,-0.611724,-0.005735
0.026870,-0.732442,-0.006560
0.025393,-0.844779,-0.007151
0.025296,-0.948919,-0.008001
0.026615,-1.047229,-0.009291
0.028211,-1.134218,-0.010666
0.030597,-1.218917,-0.012432
0.033935,-1.283266,-0.014516
0.037344,-1.336126,-0.016633
0.035725,-1.361032,-0.016209
0.037665,-1.366270,-0.017154
0.036582,-1.339610,-0.016336
0.041441,-1.275081,-0.017615
0.040154,-1.164568,-0.015588
0.040694,-1.047393,-0.014208
0.040838,-0.892365,-0.012148
0.040917,-0.747279,-0.010193
0.044409,-0.584217,-0.008649
0.045645,-0.454473,-0.006915
0.045539,-0.353132,-0.005361
0.047498,-0.279699,-0.004429
0.049371,-0.225044,-0.003704
0.051363,-0.188880,-0.003234
0.052566,-0.182747,-0.003202
0.051712,-0.198642,-0.003424
0.053941,-0.255741,-0.004599
0.052155,-0.332208,-0.005776
0.054662,-0.445058,-0.008110
0.052588,-0.571832,-0.010025
0.052349,-0.714085,-0.012462
0.049381,-0.844572,-0.013903
0.046859,-0.937846,-0.014650
0.048514,-0.981830,-0.015879
0.051163,-0.969797,-0.016541
0.052701,-0.908619,-0.015963
0.049004,-0.798758,-0.013049
0.052723,-0.659814,-0.011597
0.049812,-0.488612,-0.008114
0.047787,-0.329700,-0.005252
0.050061,-0.164854,-0.002751
0.053204,-0.025602,-0.000454
0.055527,0.094152,0.001743
0.056396,0.155284,0.002919
0.058521,0.163529,0.003190
0.058386,0.128788,0.002507
0.062934,0.029798,0.000625
0.065456,-0.110045,-0.002401
0.066802,-0.266622,-0.005938
0.067665,-0.439292,-0.009910
0.064775,-0.614740,-0.013275
0.063770,-0.791060,-0.016818
0.063475,-0.948996,-0.020082
0.063510,-1.099373,-0.023277
0.063432,-1.232501,-0.026064
0.065778,-1.321053,-0.028970
0.065646,-1.377869,-0.030155
0.062500,-1.406435,-0.029305
0.057805,-1.386279,-0.026715
0.061557,-1.321630,-0.027122
0.059613,-1.199003,-0.023828
0.064110,-1.054260,-0.022533
0.065765,-0.870303,-0.019082
0.066435,-0.661776,-0.014657
0.067307,-0.454973,-0.010209
0.066504,-0.261713,-0.005803
0.065091,-0.077957,-0.001692
0.063214,0.058570,0.001234
0.059199,0.140513,0.002773
0.062571,0.164709,0.003436
0.062692,0.119669,0.002501
0.063011,0.010764,0.000226
0.063060,-0.142007,-0.002985
0.067173,-0.320128,-0.007169
0.067771,-0.514817,-0.011632
0.069203,-0.713143,-0.016453
0.070249,-0.893377,-0.020923
0.075789,-1.035288,-0.026160
0.074265,-1.122819,-0.027801
0.075190,-1.165186,-0.029210
0.075982,-1.140784,-0.028899
0.077259,-1.087620,-0.028016
0.070095,-0.985127,-0.023022
0.077631,-0.869338,-0.022501
0.078784,-0.723100,-0.018994
0.082251,-0.600085,-0.016457
0.083841,-0.454508,-0.012705
0.083206,-0.337033,-0.009350
0.085446,-0.207053,-0.005899
0.087153,-0.109454,-0.003181
0.086341,-0.028655,-0.000825
0.087404,0.018382,0.000536
0.087365,0.051518,0.001501
0.087249,0.055468,0.001614
0.087170,0.051403,0.001494
0.087478,0.035677,0.001041
0.088551,0.020406,0.000602
0.088589,-0.004053,-0.000120
0.088004,-0.032798,-0.000962
0.087785,-0.079434,-0.002325
0.087723,-0.134816,-0.003943
0.089149,-0.209815,-0.006237
0.090503,-0.303093,-0.009146
0.091724,-0.411015,-0.012571
0.091150,-0.533707,-0.016221
0.089986,-0.663855,-0.019919
0.088940,-0.798767,-0.023688
0.089855,-0.923285,-0.027662
0.088000,-1.025590,-0.030092
0.090608,-1.110202,-0.033541
0.090413,-1.186238,-0.035761
0.088965,-1.243547,-0.036888
0.085677,-1.271971,-0.036336
0.090014,-1.283988,-0.038537
0.091793,-1.261673,-0.038616
0.091892,-1.219803,-0.037375
0.094792,-1.139808,-0.036027
0.094513,-1.052032,-0.033155
0.093391,-0.948132,-0.029525
0.092905,-0.836318,-0.025908
0.095452,-0.733637,-0.023350
0.094567,-0.632883,-0.019956
0.095807,-0.531565,-0.016982
0.099189,-0.440321,-0.014564
0.102666,-0.327394,-0.011208
0.104306,-0.234595,-0.008160
0.103198,-0.141524,-0.004870
0.103219,-0.071082,-0.002447
0.103839,-0.020260,-0.000702
0.104838,0.016003,0.000559
0.105989,0.029868,0.001056
0.105948,0.039096,0.001381
0.107058,0.027357,0.000977
0.107618,0.011533,0.000414
0.109685,-0.031859,-0.001165
0.111058,-0.085758,-0.003176
0.111663,-0.159516,-0.005940
0.111468,-0.252613,-0.009390
0.110798,-0.367930,-0.013595
0.110380,-0.507154,-0.018668
0.111765,-0.676195,-0.025203
0.112501,-0.861335,-0.032315
0.113250,-1.042801,-0.039384
0.113985,-1.202095,-0.045696
0.112361,-1.316011,-0.049313
0.113497,-1.398482,-0.052933
0.113519,-1.419520,-0.053740
0.117386,-1.400752,-0.054837
0.114905,-1.331606,-0.051028
0.115941,-1.249145,-0.048300
0.110930,-1.122164,-0.041513
0.107559,-1.000398,-0.035883
0.108087,-0.865849,-0.031209
0.108338,-0.745366,-0.026929
0.113393,-0.619853,-0.023440
0.115968,-0.524550,-0.020287
0.114846,-0.419209,-0.016056
0.117611,-0.328790,-0.012896
0.119822,-0.232140,-0.009277
0.123104,-0.140656,-0.005775
0.125908,-0.050902,-0.002138
0.125446,0.043201,0.001808
0.123051,0.131879,0.005412
0.120136,0.202035,0.008095
0.116957,0.256273,0.009996
0.115967,0.288128,0.011143
0.116661,0.300595,0.011695
0.118155,0.296356,0.011678
0.117974,0.285181,0.011220
0.116979,0.270333,0.010546
0.114073,0.247270,0.009407
0.110278,0.227615,0.008371
0.108743,0.199327,0.007228
0.109611,0.165102,0.006035
0.111284,0.113527,0.004213
0.110184,0.046286,0.001701
0.108901,-0.046403,-0.001685
0.106555,-0.177577,-0.006310
0.102774,-0.335587,-0.011501
0.103727,-0.514669,-0.017802
0.104715,-0.693912,-0.024231
0.106978,-0.844210,-0.030117
0.113463,-0.957431,-0.036228
0.111549,-0.998697,-0.037152
0.110370,-1.028235,-0.037846
0.102132,-0.980800,-0.033403
0.105631,-0.923382,-0.032526
0.103028,-0.819440,-0.028153
0.106901,-0.733863,-0.026161
0.103854,-0.620347,-0.021484
0.106111,-0.542350,-0.019191
0.106000,-0.476828,-0.016855
0.107670,-0.458392,-0.016459
0.108872,-0.477022,-0.017319
0.107879,-0.538212,-0.019362
0.108273,-0.635472,-0.022945
0.108778,-0.771329,-0.027980
0.110720,-0.917091,-0.033862
0.116508,-1.057710,-0.041098
0.121117,-1.148244,-0.046383
0.121956,-1.166440,-0.047444
0.122559,-1.140076,-0.046601
0.118812,-1.047767,-0.041518
0.111629,-0.924081,-0.034401
0.110640,-0.771148,-0.028453
0.116206,-0.613042,-0.023758
0.113265,-0.438400,-0.016560
0.112657,-0.289090,-0.010861
0.110545,-0.154380,-0.005691
0.108414,-0.052997,-0.001916
0.107363,0.004401,0.000158
0.107119,0.019006,0.000679
0.107534,-0.018510,-0.000664
0.107652,-0.088592,-0.003180
0.105736,-0.193036,-0.006806
0.105289,-0.325038,-0.011412
0.106068,-0.462387,-0.016355
0.110383,-0.564341,-0.020774
0.115773,-0.661016,-0.025522
0.114275,-0.739214,-0.028172
0.114919,-0.797414,-0.030561
0.115073,-0.823846,-0.031616
0.112275,-0.811639,-0.030390
0.117758,-0.769552,-0.030223
0.119432,-0.688314,-0.027417
0.118369,-0.608644,-0.024027
0.115940,-0.504184,-0.019495
0.114334,-0.405609,-0.015466
0.115635,-0.299129,-0.011536
0.119830,-0.215937,-0.008630
0.123542,-0.130540,-0.005379
0.129999,-0.052815,-0.002290
0.133491,0.023125,0.001030
0.135357,0.095946,0.004332
0.135796,0.165082,0.007478
0.138184,0.233706,0.010772
0.137157,0.293421,0.013424
0.137046,0.352506,0.016114
0.136415,0.398532,0.018134
0.135518,0.437776,0.019789
0.135323,0.457459,0.020649
0.134878,0.462355,0.020801
0.136119,0.455611,0.020687
0.136810,0.431617,0.019697
0.134907,0.383503,0.017257
0.133950,0.308284,0.013774
0.134351,0.195518,0.008762
0.134878,0.047794,0.002150
0.132664,-0.132467,-0.005862
0.135410,-0.327156,-0.014777
0.136043,-0.509334,-0.023113
0.138322,-0.674509,-0.031122
0.138101,-0.813342,-0.037468
0.133523,-0.921618,-0.041046
0.130070,-1.008382,-0.043748
0.129787,-1.060987,-0.045929
0.130935,-1.073678,-0.046891
0.132629,-1.069038,-0.047293
0.125875,-1.014577,-0.042595
0.126981,-0.940176,-0.039818
0.128836,-0.811572,-0.034875
0.132606,-0.713511,-0.031559
0.131917,-0.587308,-0.025842
0.132667,-0.457045,-0.020225
0.133227,-0.330111,-0.014670
0.132860,-0.228878,-0.010143
0.133119,-0.161270,-0.007161
0.134807,-0.148507,-0.006678
0.134948,-0.169228,-0.007617
0.132797,-0.229267,-0.010155
0.134151,-0.331874,-0.014850
0.136099,-0.466008,-0.021156
0.138920,-0.596001,-0.027619
0.140652,-0.736657,-0.034563
0.141318,-0.871809,-0.041098
0.140953,-1.008041,-0.047397
0.138446,-1.120057,-0.051726
0.137498,-1.230423,-0.056433
0.138785,-1.314631,-0.060860
0.140755,-1.385289,-0.065043
0.140216,-1.419437,-0.066391
0.139129,-1.438927,-0.066780
0.138723,-1.423860,-0.065888
0.138288,-1.376835,-0.063512
0.137920,-1.305128,-0.060043
0.132930,-1.188024,-0.052676
0.136479,-1.070650,-0.048741
0.141172,-0.898544,-0.042314
0.145241,-0.754192,-0.036542
0.144227,-0.619469,-0.029804
0.145494,-0.488309,-0.023701
0.145693,-0.350648,-0.017042
0.145287,-0.226449,-0.010975
0.145500,-0.114259,-0.005546
0.144412,-0.015761,-0.000759
0.142876,0.050799,0.002421
0.142235,0.093272,0.004425
0.143155,0.101238,0.004835
0.142520,0.093410,0.004441
0.142567,0.064023,0.003045
0.141023,0.018076,0.000850
0.139421,-0.054072,-0.002515
0.135938,-0.153248,-0.006949
0.133970,-0.275415,-0.012307
0.134010,-0.403501,-0.018036
0.134497,-0.524415,-0.023527
0.135821,-0.621950,-0.028177
0.135399,-0.681270,-0.030769
0.129737,-0.709757,-0.030713
0.128202,-0.705141,-0.030152
0.126789,-0.677327,-0.028643
0.126894,-0.632779,-0.026781
0.129597,-0.585141,-0.025293
0.133004,-0.521411,-0.023132
0.136283,-0.457712,-0.020807
0.135617,-0.383770,-0.017360
0.134667,-0.292130,-0.013122
0.134844,-0.196933,-0.008858
0.137496,-0.089142,-0.004088
0.138895,0.014009,0.000649
0.138285,0.117972,0.005442
0.137542,0.201206,0.009231
0.136665,0.277279,0.012640
0.137893,0.338740,0.015581
0.139332,0.390476,0.018148
0.139044,0.433098,0.020088
0.139234,0.456367,0.021196
0.139942,0.454269,0.021206
0.140755,0.420435,0.019741
0.144112,0.351576,0.016902
0.145096,0.253549,0.012273
0.143963,0.144048,0.006918
0.145244,0.019416,0.000941
0.143301,-0.111582,-0.005334
0.141572,-0.244593,-0.011551
0.140133,-0.384517,-0.017974
0.138634,-0.517937,-0.023952
0.138179,-0.642206,-0.029601
0.139241,-0.739361,-0.034341
0.137906,-0.816718,-0.037570
0.132208,-0.874081,-0.038545
0.133450,-0.912504,-0.040618
0.134799,-0.921540,-0.041436
0.131932,-0.918100,-0.040402
0.127029,-0.902098,-0.038220
0.124930,-0.876023,-0.036502
0.127589,-0.827379,-0.035209
0.130363,-0.768453,-0.033414
0.135299,-0.695834,-0.031403
0.138258,-0.609558,-0.028112
0.136744,-0.508543,-0.023196
0.134801,-0.403027,-0.018122
0.132734,-0.278072,-0.012311
0.135190,-0.163151,-0.007357
0.135388,-0.064775,-0.002925
0.137450,-0.001353,-0.000062
0.135241,0.036574,0.001650
0.131629,0.050504,0.002217
0.128933,0.044134,0.001898
0.129967,0.031971,0.001386
0.133481,0.014299,0.000637
0.136020,-0.016435,-0.000746
0.136157,-0.047567,-0.002160
0.134125,-0.103614,-0.004636
0.128523,-0.183022,-0.007846
0.127233,-0.272832,-0.011578
0.126686,-0.397515,-0.016797
0.126508,-0.533380,-0.022506
0.128728,-0.651773,-0.027984
0.134687,-0.752644,-0.033813
0.137180,-0.796925,-0.036466
0.132726,-0.811480,-0.035925
0.132948,-0.778645,-0.034529
0.135847,-0.707973,-0.032081
0.135770,-0.614737,-0.027840
0.135178,-0.517734,-0.023345
0.134900,-0.381586,-0.017170
0.138145,-0.266957,-0.012302
0.136628,-0.161764,-0.007372
0.137736,-0.094308,-0.004333
0.138885,-0.064457,-0.002986
0.140134,-0.072635,-0.003395
0.138730,-0.116050,-0.005370
0.134548,-0.191279,-0.008584
0.132950,-0.289452,-0.012836
0.132072,-0.393238,-0.017323
0.133705,-0.493263,-0.021998
0.136777,-0.599150,-0.027335
0.138924,-0.697352,-0.032316
0.139267,-0.808752,-0.037571
0.136702,-0.911093,-0.041545
0.136809,-1.023072,-0.046687
0.133385,-1.128621,-0.050214
0.131749,-1.228103,-0.053969
0.130841,-1.310996,-0.057213
0.132759,-1.379970,-0.061108
0.134806,-1.418972,-0.063805
0.135689,-1.436825,-0.065032
0.136758,-1.418460,-0.064707
0.138118,-1.358529,-0.062590
0.143283,-1.260768,-0.060261
0.138079,-1.136909,-0.052365
0.132492,-0.998730,-0.044137
0.128825,-0.862029,-0.037040
0.130622,-0.721838,-0.031449
0.133199,-0.582415,-0.025876
0.136846,-0.441543,-0.020155
0.138488,-0.311616,-0.014395
0.140584,-0.187947,-0.008814
0.140465,-0.074793,-0.003504
0.139590,0.026746,0.001245
0.140411,0.105217,0.004928
0.140860,0.166377,0.007818
0.144530,0.196029,0.009451
0.146075,0.196057,0.009554
0.145792,0.157596,0.007665
0.144479,0.081707,0.003938
0.143226,-0.015441,-0.000738
0.145221,-0.156867,-0.007599
0.144564,-0.302275,-0.014577
0.143740,-0.433348,-0.020779
0.144461,-0.547134,-0.026367
0.145538,-0.640965,-0.031119
0.145801,-0.718831,-0.034963
0.145040,-0.779285,-0.037705
0.143167,-0.818414,-0.039086
0.146252,-0.840444,-0.041005
0.149272,-0.828939,-0.041280
0.149285,-0.792900,-0.039489
0.145594,-0.740595,-0.035970
0.144352,-0.676595,-0.032581
0.145049,-0.603010,-0.029178
0.145201,-0.543566,-0.026329
0.147549,-0.505984,-0.024906
0.152152,-0.493946,-0.025073
0.156746,-0.508962,-0.026617
0.158967,-0.557517,-0.029570
0.158251,-0.637060,-0.033636
0.156415,-0.742958,-0.038772
0.153947,-0.862899,-0.044319
0.154346,-0.983724,-0.050656
0.153697,-1.076899,-0.055220
0.150905,-1.139560,-0.057370
0.154056,-1.167684,-0.060016
0.148583,-1.147140,-0.056862
0.152262,-1.096516,-0.055700
0.146916,-0.994399,-0.048737
0.149057,-0.908737,-0.045188
0.146108,-0.772569,-0.037656
0.148914,-0.657301,-0.032654
0.150014,-0.515213,-0.025785
0.154723,-0.420629,-0.021713
0.156255,-0.329548,-0.017180
0.156187,-0.288008,-0.015008
0.156320,-0.267033,-0.013927
0.155738,-0.292895,-0.015219
0.153508,-0.326215,-0.016707
0.154901,-0.400475,-0.020696
0.153149,-0.480476,-0.024549
0.154609,-0.566456,-0.029219
0.154061,-0.635862,-0.032683
0.150297,-0.708174,-0.035509
0.149174,-0.777471,-0.038691
0.148254,-0.850375,-0.042058
0.147025,-0.920516,-0.045149
0.146249,-0.990502,-0.048325
0.147202,-1.060411,-0.052073
0.147527,-1.117711,-0.055008
0.145831,-1.171450,-0.056989
0.144275,-1.203256,-0.057911
0.142514,-1.220761,-0.058035
0.143940,-1.203195,-0.057773
0.146646,-1.170268,-0.057250
0.150205,-1.102321,-0.055237
0.153110,-1.004944,-0.051333
0.146727,-0.884118,-0.043276
0.141488,-0.749309,-0.035366
0.141391,-0.589464,-0.027802
0.142387,-0.439791,-0.020889
0.147763,-0.295505,-0.014567
0.150242,-0.178843,-0.008964
0.148562,-0.100013,-0.004957
0.148851,-0.062641,-0.003111
0.146014,-0.057168,-0.002785
0.146055,-0.099068,-0.004827
0.143696,-0.172781,-0.008282
0.144212,-0.272282,-0.013099
0.145233,-0.398027,-0.019284
0.146366,-0.517112,-0.025249
0.145980,-0.633744,-0.030862
0.145433,-0.755226,-0.036640
0.144247,-0.870352,-0.041881
0.142592,-0.983385,-0.046776
0.144179,-1.051431,-0.050570
0.145629,-1.131713,-0.054980
0.147032,-1.203817,-0.059047
0.143894,-1.250397,-0.060021
0.142977,-1.283649,-0.061224
0.142251,-1.297127,-0.061552
0.145549,-1.298855,-0.063065
0.145812,-1.288637,-0.062682
0.142891,-1.266853,-0.060386
0.143159,-1.232669,-0.058867
0.145402,-1.183885,-0.057425
0.147260,-1.107385,-0.054402
0.150621,-1.007999,-0.050651
0.150370,-0.888942,-0.044594
0.146650,-0.751347,-0.036758
0.150884,-0.619924,-0.031205
0.150910,-0.503473,-0.025348
0.150089,-0.412837,-0.020671
0.153417,-0.358140,-0.018331
0.152506,-0.347189,-0.017665
0.151080,-0.372217,-0.018761
0.149612,-0.423870,-0.021156
0.148770,-0.521502,-0.025882
0.148726,-0.619647,-0.030744
0.151126,-0.721756,-0.036389
0.152806,-0.812218,-0.041406
0.155842,-0.877585,-0.045629
0.158678,-0.937822,-0.049650
0.156808,-0.976676,-0.051097
0.157163,-0.991939,-0.052013
0.155871,-0.985718,-0.051261
0.160333,-0.941450,-0.050363
0.156873,-0.878328,-0.045971
0.153692,-0.804574,-0.041255
0.152632,-0.732679,-0.037309
0.153629,-0.667552,-0.034215
0.153424,-0.626294,-0.032058
0.152094,-0.607600,-0.030830
0.150407,-0.621755,-0.031198
0.149508,-0.652765,-0.032558
0.149218,-0.700265,-0.034859
0.149878,-0.746858,-0.037344
0.152519,-0.783825,-0.039884
0.152749,-0.801101,-0.040824
0.149662,-0.780157,-0.038952
0.150576,-0.749461,-0.037649
0.149923,-0.695151,-0.034769
0.146935,-0.646010,-0.031666
0.145045,-0.595156,-0.028797
0.141599,-0.572622,-0.027048
0.138921,-0.553970,-0.025671
0.140183,-0.574637,-0.026871
0.141429,-0.623831,-0.029431
0.145155,-0.708326,-0.034299
0.145662,-0.814129,-0.039560
0.146562,-0.934023,-0.045667
0.145637,-1.045227,-0.050781
0.142940,-1.137308,-0.054230
0.141133,-1.216508,-0.057272
0.141534,-1.247530,-0.058900
0.139445,-1.253282,-0.058297
0.140423,-1.181648,-0.055351
0.141261,-1.070494,-0.050444
0.146588,-0.902376,-0.044127
0.145127,-0.725399,-0.035119
0.140426,-0.531477,-0.024896
0.140555,-0.327544,-0.015357
0.139528,-0.163584,-0.007614
0.139546,-0.040028,-0.001863
0.137376,0.011986,0.000549
0.138191,0.030976,0.001428
0.138713,-0.018182,-0.000841
0.137903,-0.101828,-0.004684
0.139912,-0.216335,-0.010097
0.140525,-0.344224,-0.016136
0.137754,-0.497506,-0.022861
0.132865,-0.651948,-0.028892
0.126710,-0.804089,-0.033982
0.123269,-0.931467,-0.038295
0.126717,-1.029962,-0.043531
0.132468,-1.063301,-0.046982
0.130327,-1.084425,-0.047140
0.128196,-1.041759,-0.044544
0.126500,-0.993253,-0.041907
0.125495,-0.874395,-0.036599
0.126755,-0.788395,-0.033331
0.122580,-0.655325,-0.026791
0.127264,-0.521903,-0.022153
0.127690,-0.376642,-0.016041
0.129383,-0.240562,-0.010381
0.129523,-0.114820,-0.004960
0.128438,-0.022539,-0.000966
0.131269,0.016364,0.000716
0.128876,0.021580,0.000928
0.130431,-0.034625,-0.001506
0.129714,-0.107727,-0.004661
0.128032,-0.205928,-0.008794
0.127037,-0.311863,-0.013214
0.124957,-0.440876,-0.018374
0.123108,-0.578375,-0.023747
0.121759,-0.721240,-0.029289
0.123058,-0.833969,-0.034228
0.124124,-0.925831,-0.038328
0.126578,-0.945559,-0.039919
0.129031,-0.926868,-0.039890
0.123999,-0.852338,-0.035250
0.124379,-0.766439,-0.031795
0.122553,-0.629601,-0.025734
0.125029,-0.508344,-0.021198
0.128448,-0.382714,-0.016396
0.131184,-0.263462,-0.011528
0.132010,-0.152524,-0.006716
0.132474,-0.054193,-0.002395
0.133422,0.030949,0.001377
0.136685,0.101752,0.004639
0.138503,0.166214,0.007679
0.140307,0.231383,0.010829
0.136709,0.293391,0.013379
0.134000,0.347524,0.015533
0.132006,0.390596,0.017198
0.131359,0.416027,0.018228
0.132826,0.414881,0.018381
0.135225,0.379361,0.017111
0.134010,0.317426,0.014189
0.134992,0.232387,0.010464
0.134715,0.117354,0.005273
0.134082,0.016761,0.000750
0.136181,-0.079447,-0.003609
0.136448,-0.170859,-0.007777
0.138679,-0.260344,-0.012043
0.137231,-0.341161,-0.015617
0.133524,-0.414435,-0.018458
0.127964,-0.478586,-0.020426
0.122772,-0.532201,-0.021792
0.119859,-0.585730,-0.023414
0.121397,-0.631839,-0.025582
0.124449,-0.664802,-0.027594
0.123911,-0.685788,-0.028342
0.123415,-0.686822,-0.028271
0.120746,-0.664311,-0.026752
0.118117,-0.633909,-0.024971
0.117731,-0.607552,-0.023855
0.118574,-0.596492,-0.023588
0.119435,-0.598064,-0.023823
0.119743,-0.618442,-0.024698
0.122882,-0.658958,-0.027007
0.120989,-0.703605,-0.028391
0.120862,-0.750002,-0.030232
0.121357,-0.774992,-0.031367
0.124732,-0.781833,-0.032525
0.124446,-0.755499,-0.031357
0.125119,-0.714843,-0.029831
0.122309,-0.655494,-0.026739
0.119008,-0.582169,-0.023106
0.121443,-0.515081,-0.020862
0.120306,-0.446325,-0.017908
0.118110,-0.403035,-0.015876
0.116802,-0.384708,-0.014986
0.118772,-0.396474,-0.015705
0.120593,-0.434682,-0.017483
0.121814,-0.486484,-0.019764
0.122734,-0.544440,-0.022286
0.123244,-0.599127,-0.024627
0.122829,-0.640527,-0.026240
0.123151,-0.668417,-0.027454
0.124963,-0.668080,-0.027845
0.125828,-0.649349,-0.027251
0.124729,-0.597414,-0.024853
0.127019,-0.535033,-0.022667
0.126459,-0.440692,-0.018588
0.126223,-0.340637,-0.014341
0.126862,-0.234995,-0.009943
0.125782,-0.162045,-0.006798
0.124440,-0.128688,-0.005341
0.123653,-0.131894,-0.005439
0.124728,-0.162922,-0.006778
0.125186,-0.210763,-0.008800
0.126874,-0.273768,-0.011585
0.127659,-0.334473,-0.014241
0.127988,-0.400885,-0.017113
0.127424,-0.463536,-0.019700
0.128276,-0.529275,-0.022645
0.127901,-0.587215,-0.025050
0.127539,-0.651407,-0.027710
0.126780,-0.703067,-0.029729
0.126094,-0.754030,-0.031712
0.125843,-0.793108,-0.033288
0.125332,-0.838618,-0.035056
0.124801,-0.871136,-0.036260
0.124618,-0.911686,-0.037893
0.123845,-0.943914,-0.038989
0.121721,-0.980728,-0.039814
0.117937,-1.012818,-0.039837
0.117003,-1.052988,-0.041088
0.118279,-1.096041,-0.043235
0.122274,-1.138868,-0.046444
0.124294,-1.186249,-0.049176
0.123640,-1.227788,-0.050630
0.121159,-1.255467,-0.050731
0.117291,-1.276539,-0.049934
0.117022,-1.295241,-0.050550
0.118241,-1.305996,-0.051501
0.121987,-1.309670,-0.053284
0.121773,-1.310676,-0.053231
0.117373,-1.308542,-0.051222
0.111684,-1.303420,-0.048546
0.108115,-1.301384,-0.046920
0.108501,-1.301427,-0.047089
0.112247,-1.297898,-0.048584
0.115937,-1.302910,-0.050377
0.116846,-1.303500,-0.050795
0.117749,-1.318286,-0.051769
0.117511,-1.331891,-0.052198
0.116970,-1.354378,-0.052834
0.113794,-1.372480,-0.052085
0.113735,-1.389101,-0.052688
0.113675,-1.403943,-0.053223
0.116512,-1.421213,-0.055224
0.119200,-1.439154,-0.057213
0.118136,-1.457816,-0.057436
0.118402,-1.486484,-0.058698
0.117716,-1.519462,-0.059652
0.116329,-1.559977,-0.060521
0.118645,-1.610263,-0.063717
0.122371,-1.662173,-0.067838
0.124385,-1.715098,-0.071151
0.122041,-1.759028,-0.071597
0.117800,-1.789109,-0.070288
0.115070,-1.796281,-0.068933
0.115371,-1.784009,-0.068641
0.116286,-1.748547,-0.067811
0.117327,-1.660612,-0.064978
0.125127,-1.537781,-0.064177
0.128009,-1.387288,-0.059231
0.122852,-1.226031,-0.050235
0.123648,-1.068825,-0.044078
0.120018,-0.909989,-0.036424
0.120770,-0.767792,-0.030925
0.124515,-0.625577,-0.025979
0.127318,-0.503660,-0.021388
0.131678,-0.394294,-0.017318
0.134175,-0.313930,-0.014050
0.135182,-0.253698,-0.011440
0.134934,-0.204001,-0.009182
0.134920,-0.164957,-0.007424
0.134482,-0.132889,-0.005961
0.135456,-0.116337,-0.005256
0.137318,-0.117048,-0.005361
0.140047,-0.143760,-0.006716
0.141231,-0.196477,-0.009256
0.141668,-0.264457,-0.012498
0.141555,-0.347254,-0.016397
0.141069,-0.423136,-0.019912
0.142017,-0.494650,-0.023434
0.142357,-0.537604,-0.025530
0.143826,-0.564651,-0.027091
0.142433,-0.561352,-0.026672
0.141346,-0.540326,-0.025476
0.140335,-0.484793,-0.022694
0.143555,-0.395724,-0.018950
0.142456,-0.281896,-0.013396
0.139378,-0.172512,-0.008021
0.135448,-0.066876,-0.003021
0.134350,0.032699,0.001465
0.135764,0.086912,0.003936
0.136414,0.117826,0.005361
0.138016,0.093783,0.004318
0.139395,0.042923,0.001996
0.141968,-0.033671,-0.001595
0.143605,-0.125044,-0.005990
0.141029,-0.239124,-0.011249
0.137862,-0.368718,-0.016956
0.136288,-0.501126,-0.022782
0.136806,-0.633523,-0.028910
0.138168,-0.753626,-0.034734
0.141542,-0.853643,-0.040305
0.143471,-0.926532,-0.044344
0.145661,-0.972279,-0.047245
0.142994,-0.989406,-0.047196
0.139643,-0.977339,-0.045526
0.140500,-0.897000,-0.042040
0.139230,-0.794301,-0.036890
0.140608,-0.691980,-0.032456
0.142304,-0.571772,-0.027142
0.142434,-0.446205,-0.021201
0.143478,-0.339813,-0.016264
0.146075,-0.249925,-0.012179
0.145918,-0.178330,-0.008681
0.145730,-0.131482,-0.006392
0.146294,-0.111461,-0.005440
0.144335,-0.123863,-0.005964
0.141332,-0.169151,-0.007975
0.142835,-0.245364,-0.011691
0.142895,-0.322053,-0.015352
0.144848,-0.418020,-0.020199
0.144801,-0.511423,-0.024704
0.146886,-0.602923,-0.029544
0.147203,-0.674850,-0.033140
0.147933,-0.720748,-0.035570
0.147878,-0.720917,-0.035565
0.146786,-0.681636,-0.033378
0.145987,-0.618780,-0.030135
0.142844,-0.514584,-0.024520
0.140188,-0.388529,-0.018169
0.140607,-0.264124,-0.012388
0.141800,-0.148972,-0.007047
0.142022,-0.076298,-0.003615
0.140917,-0.025817,-0.001214
0.139744,0.001385,0.000065
0.141529,-0.013174,-0.000622
0.143997,-0.065965,-0.003169
0.146955,-0.123905,-0.006074
0.147734,-0.183784,-0.009058
0.146846,-0.259422,-0.012709
0.145496,-0.349430,-0.016960
0.144215,-0.435985,-0.020975
0.144344,-0.518733,-0.024978
0.146438,-0.586721,-0.028662
0.147265,-0.648687,-0.031869
0.148502,-0.703233,-0.034839
0.147809,-0.761953,-0.037572
0.148071,-0.826188,-0.040811
0.149566,-0.894218,-0.044619
0.152651,-0.962906,-0.049038
0.155936,-1.041384,-0.054178
0.157865,-1.104311,-0.058164
0.157556,-1.164769,-0.061229
0.154324,-1.192933,-0.061420
0.154364,-1.211997,-0.062418
0.151961,-1.199986,-0.060836
0.150036,-1.186429,-0.059385
0.149119,-1.159543,-0.057684
0.148563,-1.130295,-0.056019
0.146033,-1.095587,-0.053373
0.142555,-1.076546,-0.051194
0.141481,-1.064005,-0.050216
0.138718,-1.061811,-0.049132
0.136569,-1.076587,-0.049043
0.137152,-1.116732,-0.051090
0.139592,-1.158342,-0.053937
0.143048,-1.200785,-0.057300
0.150004,-1.227026,-0.061404
0.153306,-1.218484,-0.062321
0.148201,-1.173728,-0.058030
0.144741,-1.084736,-0.052376
0.140324,-0.979218,-0.045836
0.136194,-0.863739,-0.039239
0.137239,-0.719577,-0.032941
0.139497,-0.597282,-0.027793
0.140874,-0.471992,-0.022180
0.144737,-0.355818,-0.017180
0.146691,-0.242409,-0.011863
0.146400,-0.128701,-0.006286
0.145494,-0.026453,-0.001284
0.143159,0.046482,0.002220
0.145295,0.101663,0.004928
0.148887,0.133960,0.006654
0.152532,0.127300,0.006478
0.154695,0.100760,0.005200
0.153915,0.054842,0.002816
0.148671,0.008694,0.000431
0.144705,-0.054232,-0.002618
0.142738,-0.111798,-0.005323
0.143322,-0.152936,-0.007312
0.146807,-0.174319,-0.008537
0.149519,-0.172986,-0.008629
0.154002,-0.156614,-0.008047
0.156493,-0.115207,-0.006015
0.154141,-0.059038,-0.003036
0.151594,0.012606,0.000638
0.149399,0.092089,0.004590
0.148953,0.188508,0.009367
0.150752,0.285202,0.014344
0.152764,0.385332,0.019639
0.153607,0.478265,0.024510
0.154451,0.562810,0.029001
0.155393,0.634195,0.032879
0.156976,0.681159,0.035674
0.158130,0.702412,0.037059
0.159000,0.702992,0.037293
0.157638,0.665948,0.035025
0.158048,0.606745,0.031995
0.157905,0.523610,0.027586
0.157558,0.427775,0.022487
0.157878,0.291262,0.015342
0.157398,0.163468,0.008584
0.156845,0.017879,0.000936
0.156086,-0.127252,-0.006627
0.155708,-0.277981,-0.014441
0.157782,-0.411602,-0.021668
0.158420,-0.523458,-0.027668
0.161808,-0.599159,-0.032348
0.162403,-0.622563,-0.033735
0.157144,-0.609392,-0.031950
0.152485,-0.551858,-0.028074
0.149161,-0.454707,-0.022627
0.147166,-0.355727,-0.017464
0.144216,-0.259747,-0.012496
0.146852,-0.199759,-0.009786
0.146863,-0.159000,-0.007790
0.149635,-0.164961,-0.008235
0.148521,-0.174481,-0.008645
0.150002,-0.230908,-0.011555
0.149426,-0.253413,-0.012633
0.149716,-0.290591,-0.014514
0.149894,-0.304753,-0.015240
0.148403,-0.332203,-0.016447
0.147605,-0.353424,-0.017403
0.147933,-0.397066,-0.019596
0.149690,-0.440825,-0.022014
0.151008,-0.495652,-0.024970
0.152149,-0.546025,-0.027716
0.151507,-0.592367,-0.029941
0.150466,-0.610652,-0.030653
0.147545,-0.614764,-0.030260
0.146240,-0.601179,-0.029329
0.146509,-0.570133,-0.027865
0.146572,-0.524537,-0.025648
0.146077,-0.470621,-0.022934
0.144896,-0.412380,-0.019933
0.146436,-0.346971,-0.016950
0.148327,-0.274252,-0.013571
0.149503,-0.213014,-0.010624
0.150005,-0.168000,-0.008407
0.148673,-0.147276,-0.007305
0.149419,-0.145064,-0.007231
0.149605,-0.170333,-0.008501
0.149912,-0.208731,-0.010439
0.149956,-0.255987,-0.012806
0.149870,-0.298573,-0.014928
0.150598,-0.345079,-0.017337
0.150470,-0.396568,-0.019907
0.150043,-0.449749,-0.022513
0.149833,-0.505471,-0.025266
0.150661,-0.560241,-0.028159
0.151025,-0.604172,-0.030441
0.151637,-0.636550,-0.032202
0.150615,-0.659473,-0.033137
0.149320,-0.672296,-0.033490
0.150549,-0.667009,-0.033501
0.151702,-0.649492,-0.032871
0.151078,-0.629774,-0.031742
0.150712,-0.603916,-0.030365
0.153689,-0.572541,-0.029357
0.154039,-0.530301,-0.027253
0.155382,-0.490098,-0.025407
0.156023,-0.456156,-0.023745
0.154527,-0.428787,-0.022106
0.150801,-0.412073,-0.020731
0.148336,-0.413940,-0.020484
0.148849,-0.433570,-0.021530
0.154157,-0.470814,-0.024214
0.156318,-0.512250,-0.026715
0.156389,-0.549516,-0.028672
0.153378,-0.579356,-0.029646
0.147173,-0.597678,-0.029344
0.142759,-0.608229,-0.028965
0.143459,-0.618001,-0.029575
0.146836,-0.618726,-0.030308
0.149710,-0.626514,-0.031291
0.149685,-0.631448,-0.031532
0.146723,-0.640395,-0.031345
0.145047,-0.673072,-0.032568
0.142994,-0.723616,-0.034517
0.143961,-0.800439,-0.038440
0.143032,-0.881946,-0.042081
0.145607,-0.966662,-0.046955
0.144014,-1.012772,-0.048655
0.144257,-1.057829,-0.050906
0.139111,-1.060828,-0.049226
0.138298,-1.055577,-0.048696
0.132421,-1.010580,-0.044636
0.138183,-0.974208,-0.044905
0.140924,-0.892383,-0.041950
0.143353,-0.797271,-0.038126
0.144981,-0.692795,-0.033507
0.145877,-0.582700,-0.028357
0.141629,-0.453427,-0.021422
0.140852,-0.332043,-0.015601
0.140032,-0.212944,-0.009947
0.141424,-0.105775,-0.004990
0.142441,-0.009840,-0.000468
0.145299,0.066901,0.003243
0.147135,0.141382,0.006940
0.146524,0.198097,0.009683
0.145003,0.234991,0.011367
0.143416,0.239218,0.011445
0.142958,0.224945,0.010727
0.140538,0.168017,0.007877
0.143530,0.066906,0.003203
0.146097,-0.039984,-0.001949
0.148114,-0.168132,-0.008308
0.147243,-0.305535,-0.015008
0.145127,-0.445897,-0.021587
0.143179,-0.577012,-0.027560
0.139825,-0.700490,-0.032672
0.138866,-0.797868,-0.036959
0.137222,-0.895637,-0.040995
0.136230,-0.986785,-0.044841
0.135092,-1.081103,-0.048716
0.134935,-1.157020,-0.052076
0.135329,-1.236834,-0.055831
0.135880,-1.308913,-0.059326
0.137464,-1.389154,-0.063697
0.138494,-1.455800,-0.067254
0.141462,-1.527470,-0.072080
0.140301,-1.591441,-0.074481
0.141414,-1.670843,-0.078819
0.140350,-1.731669,-0.081072
0.136083,-1.800592,-0.081733
0.136319,-1.871972,-0.085120
0.134913,-1.937149,-0.087174
0.133594,-1.993581,-0.088835
0.132963,-2.034507,-0.090230
0.139168,-2.071432,-0.096161
0.136526,-2.082755,-0.094849
0.135297,-2.083667,-0.094035
0.134512,-2.064667,-0.092636
0.135299,-2.020955,-0.091206
0.138736,-1.956782,-0.090557
0.140433,-1.836486,-0.086031
0.140641,-1.726574,-0.081002
0.139968,-1.552475,-0.072485
0.139564,-1.371562,-0.063853
0.139526,-1.158570,-0.053923
0.144885,-0.964155,-0.046600
0.143209,-0.789530,-0.037718
0.141731,-0.653062,-0.030876
0.141448,-0.557823,-0.026320
0.142163,-0.509859,-0.024179
0.141497,-0.502073,-0.023698
0.144976,-0.548849,-0.026544
0.148660,-0.613882,-0.030445
0.149706,-0.694182,-0.034670
0.147280,-0.785305,-0.038584
0.142577,-0.877771,-0.041748
0.140235,-0.976614,-0.045685
0.137592,-1.021729,-0.046893
0.142377,-1.066397,-0.050648
0.139630,-1.059811,-0.049363
0.143459,-1.038329,-0.049690
0.144716,-0.985177,-0.047561
0.141890,-0.888081,-0.042035
0.141913,-0.784854,-0.037155
0.141128,-0.649496,-0.030576
0.142310,-0.531571,-0.025235
0.142525,-0.404316,-0.019223
0.145711,-0.293401,-0.014262
0.145239,-0.189055,-0.009160
0.140577,-0.104714,-0.004910
0.140461,-0.045830,-0.002147
0.140961,-0.007486,-0.000352
0.143194,0.022168,0.001059
0.147765,0.031735,0.001564
0.153309,0.018803,0.000962
0.156642,-0.009301,-0.000486
0.153780,-0.044122,-0.002264
0.149045,-0.096457,-0.004796
0.144767,-0.155084,-0.007490
0.142300,-0.239256,-0.011357
0.142073,-0.342717,-0.016242
0.144031,-0.440697,-0.021174
0.145602,-0.534410,-0.025957
0.145177,-0.637496,-0.030874
0.142958,-0.741195,-0.035347
0.140860,-0.847953,-0.039843
0.139842,-0.944754,-0.044071
0.139382,-1.031861,-0.047975
0.140431,-1.100390,-0.051547
0.141458,-1.138177,-0.053708
0.141825,-1.113254,-0.052668
0.142004,-1.061569,-0.050286
0.137839,-0.958297,-0.044061
0.139454,-0.837699,-0.038968
0.144264,-0.695111,-0.033452
0.144627,-0.537035,-0.025910
0.143990,-0.391828,-0.018821
0.144100,-0.256543,-0.012332
0.145213,-0.149824,-0.007258
0.143842,-0.071195,-0.003416
0.146629,-0.024069,-0.001177
0.148569,-0.007324,-0.000363
0.151641,-0.000137,-0.000007
0.154925,-0.010690,-0.000553
0.156218,-0.022354,-0.001165
0.153959,-0.061636,-0.003166
0.151273,-0.108421,-0.005472
0.148900,-0.167979,-0.008344
0.149026,-0.236149,-0.011740
0.149868,-0.314815,-0.015740
0.151643,-0.384520,-0.019453
0.153019,-0.457379,-0.023349
0.151350,-0.528487,-0.026685
0.147731,-0.603540,-0.029745
0.143743,-0.683680,-0.032783
0.141751,-0.749929,-0.035461
0.141478,-0.798653,-0.037692
0.141387,-0.815978,-0.038485
0.140496,-0.811467,-0.038030
0.140410,-0.770197,-0.036074
0.139264,-0.720818,-0.033485
0.140616,-0.633497,-0.029715
0.140389,-0.535034,-0.025056
0.139336,-0.420630,-0.019550
0.140621,-0.297763,-0.013968
0.138089,-0.173171,-0.007977
0.138690,-0.063449,-0.002935
0.140017,0.015857,0.000741
0.139724,0.074489,0.003472
0.143970,0.096787,0.004648
0.145218,0.087601,0.004244
0.144615,0.044020,0.002124
0.141672,-0.011721,-0.000554
0.144614,-0.077329,-0.003731
0.144445,-0.141283,-0.006808
0.143357,-0.218816,-0.010464
0.144177,-0.296168,-0.014244
0.143363,-0.384003,-0.018365
0.140112,-0.478921,-0.022384
0.136469,-0.580277,-0.026415
0.133269,-0.666980,-0.029649
0.131081,-0.745798,-0.032607
0.131803,-0.800812,-0.035206
0.134579,-0.818833,-0.036757
0.138032,-0.825543,-0.038011
0.140644,-0.790089,-0.037068
0.140503,-0.730923,-0.034257
0.138871,-0.653964,-0.030294
0.137819,-0.555009,-0.025515
0.136626,-0.437795,-0.019952
0.143088,-0.325357,-0.015530
0.148720,-0.206211,-0.010231
0.151159,-0.097908,-0.004937
0.153939,0.002428,0.000125
0.154000,0.074074,0.003806
0.150409,0.123543,0.006199
0.147869,0.147510,0.007277
0.146065,0.145850,0.007107
0.147612,0.113940,0.005611
0.149704,0.050844,0.002539
0.149485,-0.023897,-0.001192
0.146632,-0.107470,-0.005257
0.143178,-0.210907,-0.010073
0.139520,-0.318936,-0.014843
0.138853,-0.419379,-0.019425
0.140239,-0.518390,-0.024251
0.140867,-0.620671,-0.029166
0.139505,-0.718473,-0.033434
0.136262,-0.825526,-0.037522
0.133965,-0.905958,-0.040483
0.131471,-0.981863,-0.043056
0.132938,-1.013584,-0.044944
0.137516,-1.015133,-0.046565
0.137554,-0.982544,-0.045082
0.141221,-0.925785,-0.043612
0.133442,-0.824347,-0.036692
0.138748,-0.741226,-0.034306
0.137426,-0.634889,-0.029104
0.140658,-0.543368,-0.025495
0.147082,-0.470253,-0.023074
0.149095,-0.413446,-0.020565
0.146747,-0.361868,-0.017715
0.141573,-0.326810,-0.015434
0.140916,-0.308801,-0.014516
0.142736,-0.303918,-0.014471
0.144234,-0.314792,-0.015146
0.147548,-0.333806,-0.016431
0.145769,-0.362327,-0.017619
0.142788,-0.395044,-0.018817
0.139235,-0.423578,-0.019673
0.135686,-0.476169,-0.021551
0.135201,-0.516918,-0.023312
0.134394,-0.571531,-0.025621
0.136445,-0.602034,-0.027400
0.142243,-0.630336,-0.029909
0.139018,-0.637417,-0.029559
0.136287,-0.652216,-0.029650
0.134988,-0.667602,-0.030060
0.136670,-0.690554,-0.031481
0.138791,-0.729734,-0.033784
0.138653,-0.773088,-0.035756
0.136965,-0.830037,-0.037922
0.136061,-0.874727,-0.039699
0.135993,-0.909689,-0.041265
0.135460,-0.941838,-0.042556
0.137944,-0.975942,-0.044907
0.136055,-0.993189,-0.045074
0.132763,-1.020189,-0.045177
0.130061,-1.055389,-0.045784
0.128112,-1.077058,-0.046023
0.127917,-1.082512,-0.046185
0.131890,-1.088541,-0.047887
0.134986,-1.054627,-0.047485
0.138133,-1.002902,-0.046211
0.136793,-0.927997,-0.042344
0.133358,-0.829610,-0.036903
0.134243,-0.709923,-0.031789
0.135796,-0.566934,-0.025680
0.139940,-0.418427,-0.019532
0.143532,-0.239435,-0.011464
0.148166,-0.066504,-0.003287
0.146327,0.096716,0.004721
0.143114,0.235539,0.011245
0.140819,0.360646,0.016941
0.140845,0.445447,0.020928
0.144883,0.447047,0.021607
0.143454,0.428948,0.020527
0.144177,0.385272,0.018530
0.145973,0.290861,0.014164
0.145255,0.193036,0.009354
0.144249,0.075420,0.003629
0.143152,-0.064924,-0.003100
0.141669,-0.202129,-0.009552
0.138864,-0.337922,-0.015653
0.135487,-0.477465,-0.021578
0.137333,-0.614449,-0.028148
0.140568,-0.726081,-0.034046
0.139544,-0.817852,-0.038069
0.137563,-0.917721,-0.042111
0.134764,-1.003809,-0.045123
0.129972,-1.061705,-0.046026
0.130907,-1.119666,-0.048889
0.132964,-1.139153,-0.050522
0.138162,-1.138127,-0.052452
0.143452,-1.089547,-0.052139
0.142123,-1.033940,-0.049019
0.139400,-0.921168,-0.042834
0.133970,-0.819652,-0.036627
0.136595,-0.672752,-0.030653
0.137410,-0.543931,-0.024931
0.141180,-0.383339,-0.018053
0.146644,-0.225035,-0.011009
0.147246,-0.058994,-0.002898
0.146573,0.084484,0.004131
0.148418,0.223007,0.011042
0.147935,0.342820,0.016919
0.148361,0.448528,0.022199
0.150613,0.472375,0.023735
0.150019,0.489137,0.024480
0.150777,0.506794,0.025492
0.154321,0.461715,0.023772
0.153759,0.405568,0.020805
0.151757,0.357476,0.018099
0.150247,0.272722,0.013670
0.147295,0.164472,0.008082
0.146961,0.055698,0.002731
0.145056,-0.057515,-0.002783
0.146987,-0.187709,-0.009204
0.147322,-0.318343,-0.015646
0.144290,-0.432060,-0.020797
0.144314,-0.543754,-0.026177
0.141648,-0.633780,-0.029947
0.137562,-0.715604,-0.032836
0.139938,-0.789283,-0.036844
0.138846,-0.844847,-0.039129
0.134565,-0.892796,-0.040073
0.137148,-0.931417,-0.042610
0.131497,-0.960898,-0.042146
0.132640,-0.990704,-0.043831
0.135943,-1.004729,-0.045560
0.136633,-1.005608,-0.045831
0.137668,-1.007058,-0.046246
0.134819,-0.966781,-0.043476
0.135360,-0.931906,-0.042076
0.136706,-0.877788,-0.040027
0.133022,-0.801056,-0.035543
0.133882,-0.748084,-0.033407
0.135725,-0.693175,-0.031382
0.137461,-0.651132,-0.029856
0.136614,-0.629301,-0.028677
0.134528,-0.621864,-0.027905
0.135740,-0.639914,-0.028974
0.136171,-0.679693,-0.030873
0.136459,-0.723669,-0.032940
0.137299,-0.778056,-0.035634
0.136406,-0.834347,-0.037963
0.136042,-0.901333,-0.040901
0.137434,-0.973276,-0.044618
0.140027,-1.031335,-0.048173
0.137904,-1.067012,-0.049083
0.137866,-1.104884,-0.050811
0.136954,-1.148731,-0.052477
0.133867,-1.171616,-0.052315
0.135416,-1.199525,-0.054182
0.136488,-1.224079,-0.055729
0.131285,-1.233482,-0.054014
0.134654,-1.225429,-0.055040
0.130613,-1.207069,-0.052586
0.132056,-1.177700,-0.051874
0.127830,-1.130628,-0.048205
0.125997,-1.091393,-0.045864
0.128681,-1.055649,-0.045308
0.125929,-1.024530,-0.043031
0.125218,-1.021722,-0.042671
0.129217,-1.007738,-0.043432
0.130858,-1.013275,-0.044226
0.129434,-1.037887,-0.044807
0.128326,-1.056204,-0.045207
0.128947,-1.056501,-0.045439
0.126277,-1.076035,-0.045319
0.124099,-1.094714,-0.045310
0.125449,-1.091982,-0.045689
0.124906,-1.087986,-0.045325
0.126692,-1.067496,-0.045108
0.125849,-1.020716,-0.042844
0.125244,-0.986633,-0.041214
0.124649,-0.934095,-0.038834
0.124415,-0.893369,-0.037071
0.128397,-0.865573,-0.037068
0.133163,-0.841497,-0.037377
0.132025,-0.809832,-0.035662
0.133109,-0.794126,-0.035258
0.133731,-0.782516,-0.034905
0.129201,-0.774898,-0.033393
0.127402,-0.771066,-0.032765
0.130766,-0.774045,-0.033761
0.129957,-0.773151,-0.033513
0.130495,-0.774596,-0.033715
0.132780,-0.784559,-0.034747
0.133538,-0.799638,-0.035618
0.129197,-0.806246,-0.034743
0.129114,-0.829310,-0.035714
0.132985,-0.831154,-0.036868
0.134545,-0.844470,-0.037899
0.132998,-0.864531,-0.038352
0.132199,-0.875719,-0.038615
0.131103,-0.888288,-0.038844
0.127239,-0.903212,-0.038331
0.127435,-0.899852,-0.038247
0.128292,-0.876475,-0.037504
0.127685,-0.876905,-0.037345
0.131826,-0.859378,-0.037787
0.130213,-0.834112,-0.036227
0.129949,-0.832301,-0.036075
0.131499,-0.824230,-0.036152
0.131207,-0.807283,-0.035329
0.131108,-0.808603,-0.035361
0.129687,-0.805837,-0.034857
0.129531,-0.787412,-0.034019
0.131071,-0.781449,-0.034164
0.134222,-0.779506,-0.034899
0.133153,-0.758626,-0.033693
0.131852,-0.754610,-0.033187
0.131129,-0.756149,-0.033072
0.128361,-0.750790,-0.032144
0.127812,-0.763339,-0.032541
0.131338,-0.786486,-0.034454
0.132544,-0.801489,-0.035434
0.131198,-0.819336,-0.035855
0.132183,-0.853009,-0.037609
0.132552,-0.884108,-0.039089
0.125349,-0.915262,-0.038265
0.127257,-0.956276,-0.040589
0.128401,-0.985024,-0.042185
0.124574,-1.017116,-0.042260
0.128284,-1.045076,-0.044716
0.125543,-1.056107,-0.044221
0.121732,-1.077332,-0.043739
0.122757,-1.084052,-0.044383
0.119751,-1.099759,-0.043922
0.122802,-1.111990,-0.045543
0.124276,-1.114376,-0.046190
0.123123,-1.136493,-0.046669
0.121667,-1.135527,-0.046077
0.119757,-1.143573,-0.045674
0.117982,-1.150811,-0.045282
0.118439,-1.128554,-0.044578
0.119481,-1.123028,-0.044750
0.119467,-1.098107,-0.043752
0.121766,-1.066990,-0.043332
0.125143,-1.050295,-0.043838
0.126383,-1.021209,-0.043047
0.126049,-0.998155,-0.041964
0.126611,-0.974674,-0.041159
0.119915,-0.957298,-0.038285
0.120339,-0.934833,-0.037519
0.120788,-0.910404,-0.036675
0.118405,-0.881550,-0.034811
0.125130,-0.861380,-0.035949
0.124644,-0.836610,-0.034779
0.121907,-0.823883,-0.033497
0.124200,-0.805580,-0.033370
0.124610,-0.796075,-0.033085
0.120209,-0.805904,-0.032310
0.119949,-0.820109,-0.032808
0.118190,-0.827543,-0.032619
0.117141,-0.849109,-0.033172
0.121008,-0.883898,-0.035672
0.126106,-0.907536,-0.038171
0.122528,-0.941351,-0.038469
0.122355,-0.970059,-0.039586
0.117963,-0.997570,-0.039246
0.116130,-1.048995,-0.040627
0.118001,-1.078526,-0.042444
0.118433,-1.109238,-0.043813
0.119297,-1.164506,-0.046332
0.118128,-1.194761,-0.047069
0.114393,-1.243270,-0.047430
0.110463,-1.255022,-0.046232
0.109366,-1.298155,-0.047346
0.112743,-1.329922,-0.050003
0.113443,-1.348473,-0.051016
0.116959,-1.365304,-0.053255
0.114853,-1.375631,-0.052691
0.117584,-1.398695,-0.054850
0.113999,-1.398091,-0.053153
0.115120,-1.403467,-0.053882
0.111990,-1.411298,-0.052708
0.111504,-1.429889,-0.053170
0.111987,-1.431271,-0.053453
0.113069,-1.432493,-0.054016
0.115741,-1.441101,-0.055626
0.112309,-1.455207,-0.054503
0.109696,-1.432849,-0.052416
0.107151,-1.434273,-0.051250
0.113148,-1.436645,-0.054210
0.108824,-1.418477,-0.051477
0.112515,-1.393885,-0.052302
0.107439,-1.386679,-0.049682
0.107987,-1.368438,-0.049279
0.106600,-1.341489,-0.047688
0.105332,-1.343361,-0.047186
0.110648,-1.347489,-0.049722
0.108715,-1.353110,-0.049056
0.111315,-1.344931,-0.049927
0.110701,-1.374106,-0.050728
0.109052,-1.378087,-0.050117
0.103754,-1.377838,-0.047671
0.099638,-1.409914,-0.046844
0.098354,-1.424071,-0.046705
0.098084,-1.450947,-0.047455
0.101849,-1.488381,-0.050550
0.103497,-1.538135,-0.053085
0.101658,-1.576349,-0.053437
0.101635,-1.624375,-0.055052
0.099691,-1.680225,-0.055855
0.093276,-1.715057,-0.053342
0.092867,-1.773904,-0.054930
0.091304,-1.827097,-0.055625
0.094456,-1.866600,-0.058790
0.092649,-1.935948,-0.059807
0.095840,-1.995163,-0.063760
0.095756,-2.060988,-0.065806
0.093033,-2.129871,-0.066071
0.093672,-2.209579,-0.069014
0.088015,-2.266751,-0.066522
0.093849,-2.353169,-0.073638
0.088672,-2.426532,-0.071743
0.090802,-2.474887,-0.074931
0.084674,-2.541445,-0.071751
0.075395,-2.578748,-0.064822
0.073546,-2.593662,-0.063597
