0
-1
-2
-1
0
1
2
3
4
5
6
5
4
3
2
1
0
-1
0
1
0
1
2
3
4
5
6
7
8
9
10
11
12
13
14
15
16
17
18
19
20
21
22
23
24
25
26
27
28
29
30
31
32
33
34
35
36
37
38
39
40
41
42
43
44
45
46
47
48
49
50
51
52
53
54
55
56
57
58
59
60
61
62
63
64
65
66
67
68
69
70
71
72
73
74
75
76
77
78
79
80
81
82
83
84
85
86
87
88
89
90
91
92
94
96
98
100
103
105
108
110
112
114
117
119
121
123
125
127
129
131
133
134
136
138
140
142
143
145
147
148
150
152
153
155
156
158
160
161
163
165
167
169
170
172
174
176
178
180
181
183
185
187
189
192
194
196
198
201
203
205
208
210
213
215
218
220
223
226
229
232
234
237
240
243
246
248
251
254
256
259
261
264
267
269
272
274
277
279
281
283
285
287
289
291
293
295
297
298
300
301
303
304
305
307
308
310
311
313
315
316
318
319
321
323
324
326
328
330
332
335
337
340
342
345
348
351
354
357
360
364
367
371
374
378
382
386
390
394
398
402
405
409
413
417
421
425
430
434
438
442
446
451
455
458
462
466
470
474
478
482
485
489
492
496
499
502
505
510
515
518
522
525
529
533
536
540
543
546
549
552
555
558
561
564
567
570
572
575
577
580
582
585
587
590
593
595
598
600
603
605
608
611
614
617
620
623
626
629
632
635
638
642
645
648
651
654
657
660
663
666
669
672
674
677
680
682
685
687
689
692
694
697
699
702
705
707
710
713
715
718
721
723
726
729
732
735
738
741
744
747
749
752
755
758
761
764
767
770
773
777
780
784
787
790
794
797
801
805
808
812
816
820
824
829
833
837
841
846
850
854
859
864
868
873
878
883
888
893
898
904
909
914
920
925
930
936
941
947
952
958
964
969
975
980
985
991
996
1002
1008
1014
1020
1026
1031
1037
1042
1047
1052
1057
1061
1065
1069
1073
1076
1079
1082
1084
1086
1088
1089
1090
1091
1092
1091
1090
1089
1088
1087
1086
1085
1084
1082
1079
1076
1073
1069
1065
1061
1056
1051
1046
1040
1034
1028
1022
1015
1008
1001
994
988
982
976
970
965
959
953
948
942
937
931
925
920
914
909
903
898
892
886
881
875
869
862
856
850
844
838
832
825
819
813
806
800
794
787
781
774
768
762
756
750
744
738
732
726
721
715
709
704
698
693
687
682
676
671
665
660
654
649
643
637
632
626
621
615
610
604
599
593
588
582
576
571
565
559
553
547
541
535
529
523
517
511
505
498
492
485
479
472
465
459
452
445
438
432
425
418
411
404
398
391
384
378
371
365
358
352
346
340
333
328
322
316
311
306
301
296
291
287
281
276
271
266
261
256
251
247
242
238
234
230
227
223
220
217
215
213
211
210
209
208
207
205
204
202
201
199
197
196
194
193
192
190
189
188
186
185
184
182
181
179
178
177
175
174
173
171
170
169
167
165
164
162
161
159
157
155
154
152
150
148
146
144
142
140
138
136
133
131
128
126
123
120
117
114
111
108
105
102
98
96
93
90
87
84
81
78
75
72
69
66
62
59
56
52
49
45
41
37
33
29
25
21
17
13
8
5
1
-2
-7
-11
-17
-23
-29
-35
-42
-48
-55
-62
-68
-75
-82
-88
-95
-102
-110
-118
-126
-134
-142
-150
-158
-165
-173
-180
-188
-196
-203
-210
-218
-225
-232
-238
-245
-251
-257
-263
-269
-275
-280
-285
-291
-295
-300
-305
-310
-314
-318
-322
-326
-330
-334
-338
-341
-345
-348
-352
-356
-359
-363
-366
-370
-374
-377
-381
-384
-388
-392
-395
-399
-403
-407
-411
-415
-419
-423
-427
-432
-437
-442
-447
-452
-458
-463
-469
-475
-481
-487
-493
-499
-506
-512
-518
-524
-531
-537
-543
-550
-556
-562
-568
-574
-580
-586
-592
-597
-603
-608
-613
-618
-622
-626
-630
-634
-637
-639
-642
-643
-645
-647
-648
-647
-646
-645
-644
-643
-642
-641
-640
-639
-638
-637
-636
-634
-631
-628
-624
-620
-615
-611
-606
-600
-595
-588
-582
-576
-569
-562
-555
-548
-541
-534
-526
-519
-512
-504
-497
-489
-482
-475
-467
-460
-452
-445
-437
-430
-422
-414
-407
-399
-391
-382
-374
-365
-357
-348
-340
-331
-322
-314
-304
-295
-286
-277
-268
-258
-249
-239
-230
-220
-211
-201
-192
-182
-172
-162
-152
-143
-133
-123
-113
-103
-93
-85
-76
-68
-60
-52
-44
-36
-28
-20
-12
-5
1
6
11
17
23
29
35
41
47
53
59
64
70
75
81
86
92
97
102
109
116
123
130
137
144
150
157
164
170
177
184
190
197
204
211
218
225
231
238
244
250
256
262
269
275
281
288
294
300
306
312
318
323
329
334
339
345
351
356
362
368
375
381
387
393
400
405
412
418
424
430
436
443
449
456
462
468
474
480
486
492
498
504
510
516
522
529
535
541
547
553
559
565
571
576
582
588
594
600
606
611
617
623
628
634
639
644
650
655
661
666
672
677
682
687
692
696
700
704
707
710
713
716
718
720
724
726
729
731
734
736
738
740
742
744
746
748
749
750
751
753
754
755
756
757
758
759
760
759
758
757
756
755
754
753
752
751
750
749
748
747
746
745
744
743
742
739
736
732
728
723
719
714
709
704
698
692
686
680
674
668
662
656
650
644
638
632
626
620
614
608
602
596
590
585
579
573
567
561
556
550
544
538
533
527
521
516
510
504
498
492
486
481
475
469
463
458
452
447
442
436
431
425
420
414
409
403
398
392
386
380
374
368
362
356
349
343
337
331
325
319
313
307
302
297
292
286
280
274
268
261
254
247
240
233
227
221
215
209
203
197
189
182
175
167
159
151
143
135
127
119
111
102
94
87
80
74
67
60
53
46
38
31
24
17
10
3
-3
-10
-19
-28
-37
-46
-55
-63
-72
-82
-91
-100
-111
-122
-132
-143
-153
-163
-174
-184
-194
-203
-213
-222
-231
-240
-249
-258
-266
-275
-283
-290
-298
-305
-313
-320
-327
-334
-341
-347
-354
-361
-367
-374
-380
-387
-393
-400
-406
-413
-419
-426
-432
-438
-444
-451
-456
-462
-468
-474
-480
-486
-492
-498
-504
-510
-515
-521
-527
-533
-539
-545
-550
-556
-561
-566
-571
-576
-581
-586
-590
-595
-599
-602
-605
-608
-611
-614
-616
-618
-619
-620
-621
-622
-621
-620
-619
-618
-617
-616
-615
-614
-613
-612
-610
-607
-604
-600
-596
-591
-586
-581
-575
-569
-562
-555
-547
-539
-531
-522
-513
-504
-494
-484
-474
-464
-453
-443
-432
-421
-409
-398
-387
-375
-363
-352
-340
-328
-316
-303
-291
-278
-265
-252
-238
-225
-211
-198
-184
-170
-156
-142
-127
-113
-99
-87
-75
-62
-50
-38
-26
-13
-1
9
16
26
36
45
55
64
74
83
93
103
114
126
138
150
161
173
184
196
207
218
230
241
253
264
275
286
297
309
321
332
344
356
368
380
392
404
415
426
437
449
460
471
482
493
504
515
525
536
547
557
567
578
588
598
609
619
629
638
648
657
668
678
688
697
707
716
725
733
740
747
754
763
771
779
786
793
799
805
810
815
820
824
828
831
834
836
838
840
841
842
841
840
839
838
837
836
835
834
833
832
831
828
825
822
819
815
810
806
801
796
791
786
780
774
768
761
754
746
738
730
722
714
706
697
689
680
672
664
655
646
638
629
620
612
603
595
586
577
569
560
551
542
533
525
516
507
498
489
479
470
461
452
443
433
424
415
406
397
388
378
369
360
351
343
334
325
317
309
301
293
286
278
270
262
253
244
235
225
215
206
196
186
176
166
156
146
136
125
115
104
94
85
77
69
60
52
44
35
27
19
11
3
-3
-12
-22
-32
-42
-52
-62
-72
-81
-91
-100
-112
-123
-134
-144
-155
-165
-175
-186
-196
-206
-216
-225
-235
-244
-253
-263
-272
-281
-290
-299
-307
-316
-324
-332
-341
-349
-358
-366
-375
-383
-392
-401
-410
-418
-427
-436
-445
-453
-462
-470
-479
-487
-495
-503
-510
-518
-525
-532
-539
-546
-552
-558
-563
-569
-574
-578
-583
-587
-590
-594
-597
-599
-602
-604
-606
-607
-608
-609
-608
-607
-606
-605
-604
-603
-602
-601
-598
-595
-591
-587
-582
-577
-571
-565
-559
-552
-544
-536
-528
-519
-510
-500
-490
-480
-470
-459
-448
-436
-425
-414
-402
-390
-378
-366
-354
-341
-329
-316
-303
-291
-278
-265
-252
-239
-226
-212
-199
-186
-172
-159
-146
-133
-119
-106
-93
-82
-70
-59
-48
-36
-24
-13
-2
8
14
24
33
42
51
60
69
78
88
97
107
119
131
143
155
167
179
191
204
216
228
240
253
265
277
289
301
315
328
341
354
367
380
393
406
419
432
445
458
471
484
497
510
523
536
548
561
573
585
598
610
623
636
648
659
670
681
692
702
714
725
735
745
755
766
777
787
797
806
814
823
830
837
844
850
856
861
866
870
874
877
880
882
883
885
886
885
884
883
882
881
880
879
878
877
876
874
871
868
865
861
857
853
849
844
840
834
829
823
817
810
804
797
790
783
775
768
761
753
746
738
731
724
717
709
702
695
688
680
673
666
659
652
644
637
630
623
615
608
601
593
586
578
570
562
554
545
537
528
520
511
503
494
486
477
469
460
451
442
433
425
416
407
398
390
381
372
363
354
344
334
324
314
305
295
286
277
268
260
250
240
229
217
206
194
182
170
158
146
134
122
110
97
87
77
67
57
46
36
26
15
5
-3
-13
-26
-40
-53
-66
-80
-93
-107
-123
-139
-155
-171
-187
-202
-218
-233
-248
-263
-277
-291
-305
-319
-332
-345
-358
-370
-382
-394
-405
-416
-426
-436
-445
-454
-462
-469
-476
-482
-487
-492
-496
-499
-501
-502
-503
-502
-501
-500
-499
-497
-494
-490
-486
-481
-475
-468
-461
-454
-446
-437
-427
-418
-407
-396
-385
-372
-360
-347
-334
-320
-306
-292
-278
-263
-248
-233
-219
-204
-188
-173
-158
-143
-127
-112
-96
-84
-71
-58
-45
-32
-20
-7
4
12
22
33
43
54
64
75
86
96
107
120
133
146
159
172
186
199
212
226
239
253
266
279
292
304
315
327
340
353
366
380
393
406
420
433
446
459
472
484
497
509
521
534
546
558
570
582
594
606
617
629
639
649
659
668
678
688
698
708
717
727
737
747
757
766
775
784
793
802
811
820
828
836
844
852
859
866
872
878
884
890
895
900
905
909
913
917
920
923
925
928
930
931
933
934
935
934
933
932
931
930
929
928
927
926
925
924
921
918
915
911
907
903
898
893
888
883
877
870
864
857
850
842
834
826
818
809
801
792
784
774
765
756
747
738
728
719
709
700
690
681
671
662
652
642
633
623
613
603
593
583
573
562
552
541
531
520
509
498
488
477
466
455
444
433
422
412
401
391
381
371
361
350
339
328
317
306
296
285
276
267
258
249
240
229
217
206
194
182
170
158
146
134
122
110
98
88
78
68
58
48
38
28
18
7
0
-8
-18
-31
-43
-56
-68
-81
-93
-106
-120
-135
-150
-164
-178
-193
-207
-221
-235
-248
-262
-275
-288
-301
-313
-326
-338
-350
-361
-373
-384
-395
-405
-415
-426
-435
-444
-454
-462
-470
-478
-485
-492
-498
-504
-509
-514
-518
-521
-524
-526
-527
-528
-527
-526
-525
-524
-523
-522
-520
-517
-513
-509
-504
-498
-492
-485
-478
-470
-462
-452
-443
-433
-423
-412
-400
-388
-376
-364
-351
-338
-324
-311
-297
-283
-269
-255
-241
-227
-212
-198
-183
-169
-154
-140
-125
-110
-96
-83
-71
-58
-46
-33
-21
-8
1
9
16
26
36
46
56
66
76
86
96
106
119
131
144
156
168
181
193
206
218
231
244
256
269
282
294
306
318
330
343
357
370
383
396
410
423
437
450
463
476
489
502
515
528
540
553
566
578
591
603
616
628
639
650
661
671
682
693
704
714
725
734
744
752
760
770
778
786
794
801
808
815
821
827
832
837
840
844
847
849
851
852
853
852
851
850
849
848
847
846
845
844
842
839
836
832
828
824
820
815
810
805
799
793
787
781
774
767
759
752
743
735
727
718
709
700
691
682
672
662
652
642
632
622
612
602
592
582
571
561
551
540
530
520
509
499
488
478
467
456
446
435
425
414
404
393
383
373
363
353
342
332
322
312
302
292
283
275
267
259
250
240
230
220
210
199
189
178
168
157
147
136
126
115
104
93
85
76
67
58
49
40
31
22
13
4
-3
-12
-24
-36
-47
-59
-71
-83
-94
-106
-121
-135
-150
-164
-179
-194
-209
-224
-239
-254
-269
-284
-299
-314
-330
-345
-360
-375
-390
-405
-420
-435
-450
-465
-479
-494
-508
-521
-535
-548
-560
-573
-584
-596
-606
-616
-626
-635
-643
-650
-657
-663
-669
-673
-677
-680
-682
-684
-683
-682
-681
-680
-679
-678
-676
-672
-668
-663
-657
-651
-644
-636
-628
-619
-610
-600
-590
-579
-567
-555
-542
-529
-516
-503
-489
-475
-461
-447
-433
-418
-404
-389
-375
-361
-347
-333
-319
-305
-291
-277
-264
-250
-237
-224
-211
-198
-185
-172
-159
-147
-134
-122
-109
-96
-86
-76
-66
-56
-46
-36
-26
-16
-6
2
8
14
22
29
37
45
53
61
69
76
84
92
100
110
120
130
140
151
161
172
183
193
204
215
226
237
248
260
270
281
292
304
316
328
341
353
366
379
392
404
417
430
444
457
470
484
497
510
524
537
550
563
577
590
604
618
632
645
658
671
683
695
707
719
732
746
760
774
788
801
814
827
839
852
863
875
886
896
906
916
925
934
942
950
957
964
970
976
980
985
989
992
994
996
998
999
998
997
996
995
994
993
991
989
986
982
979
975
970
965
960
955
949
943
937
930
923
916
908
900
892
884
875
866
857
848
838
829
819
809
799
789
779
769
758
749
739
729
719
709
699
689
679
669
658
648
638
627
617
607
597
586
576
565
554
544
533
522
511
501
490
479
468
458
447
437
427
417
407
397
387
378
368
358
348
337
327
318
308
299
291
283
275
267
258
249
238
228
217
207
196
185
174
164
153
142
132
121
110
99
90
81
72
63
54
45
36
27
18
9
2
-5
-14
-25
-36
-48
-59
-71
-82
-94
-105
-119
-133
-147
-161
-175
-189
-203
-216
-231
-245
-259
-273
-287
-302
-315
-329
-343
-357
-371
-385
-398
-411
-424
-437
-449
-461
-472
-483
-494
-504
-513
-522
-530
-537
-544
-550
-555
-559
-562
-565
-567
-566
-565
-564
-563
-562
-561
-558
-553
-548
-542
-535
-528
-520
-512
-503
-493
-483
-472
-460
-448
-435
-422
-409
-395
-382
-367
-353
-338
-323
-308
-293
-278
-263
-248
-233
-218
-203
-188
-173
-159
-144
-129
-114
-99
-87
-75
-63
-50
-38
-26
-14
-2
7
14
24
34
43
53
62
72
81
90
100
111
123
134
145
155
166
176
186
196
206
216
226
236
246
256
266
276
285
293
301
310
320
329
339
349
359
369
379
389
400
409
419
428
438
447
457
466
476
485
494
503
512
521
529
537
545
553
561
568
576
584
591
598
605
612
618
625
631
636
642
647
652
657
663
669
674
680
685
691
696
701
706
710
715
719
723
727
730
733
736
739
744
748
752
756
760
764
767
771
774
777
780
783
785
787
789
790
791
792
793
792
791
790
789
788
787
786
785
784
783
781
778
774
770
766
761
756
751
745
739
733
726
719
712
704
696
688
680
671
663
654
645
636
627
617
608
598
589
579
569
560
550
540
530
520
510
501
491
481
472
462
453
444
435
426
417
409
400
392
384
376
368
360
352
344
337
329
323
316
310
304
298
293
289
285
281
276
272
267
262
257
252
247
242
238
233
228
224
219
214
209
204
199
194
188
182
176
170
164
158
152
146
140
133
127
120
113
106
99
93
87
81
75
68
62
56
49
43
36
29
22
14
7
2
-4
-12
-21
-31
-41
-51
-61
-71
-81
-92
-102
-115
-128
-142
-155
-168
-181
-195
-208
-222
-235
-249
-262
-276
-289
-303
-316
-330
-343
-356
-369
-382
-395
-407
-419
-431
-443
-455
-466
-477
-487
-497
-507
-516
-524
-532
-540
-547
-553
-559
-564
-568
-572
-575
-577
-579
-580
-579
-578
-577
-576
-575
-574
-573
-571
-567
-563
-559
-554
-548
-543
-536
-529
-522
-514
-506
-497
-487
-477
-467
-456
-446
-435
-423
-412
-400
-388
-376
-364
-352
-340
-328
-316
-303
-291
-280
-268
-256
-243
-231
-219
-206
-194
-182
-169
-157
-144
-132
-119
-106
-93
-82
-71
-60
-49
-38
-27
-16
-5
4
10
19
28
36
45
54
62
71
80
89
98
106
118
129
140
151
162
174
185
196
207
218
230
241
252
264
275
287
298
308
318
328
340
351
363
374
386
397
409
421
432
444
455
466
477
488
499
510
521
532
543
553
564
574
584
594
604
613
622
630
638
646
653
659
665
673
679
685
691
696
700
705
708
711
714
716
717
718
719
718
717
716
715
714
713
712
710
707
704
701
698
694
690
685
680
675
669
664
658
651
645
638
631
624
617
610
602
595
587
578
570
561
553
544
535
527
518
509
500
491
482
473
464
455
447
438
430
422
413
404
395
386
377
368
359
350
341
333
324
315
306
297
289
281
273
264
256
248
239
231
223
216
208
200
192
184
176
168
161
153
146
139
132
124
117
110
104
97
92
87
82
77
73
68
64
59
55
50
46
41
37
32
28
24
20
15
11
7
4
1
-2
-6
-10
-14
-19
-24
-28
-33
-37
-41
-44
-47
-51
-54
-57
-60
-63
-66
-68
-71
-73
-75
-78
-79
-81
-82
-83
-84
-85
-86
-85
-84
-83
-82
-81
-80
-79
-78
-77
-76
-75
-74
-73
-72
-71
-68
-65
-62
-58
-55
-50
-46
-41
-36
-30
-24
-18
-12
-6
-1
4
8
11
17
22
27
32
38
44
49
54
60
65
70
75
80
85
90
94
99
103
109
114
119
125
130
134
139
144
148
152
155
159
162
166
169
172
174
177
180
182
183
185
186
187
188
189
188
187
186
185
184
183
182
181
180
179
178
177
176
175
174
173
172
171
170
169
168
167
166
165
164
161
159
156
153
150
147
144
141
138
136
133
130
128
125
123
120
118
115
113
110
108
106
104
102
100
98
96
94
93
91
90
88
87
85
84
83
81
80
79
78
77
76
74
73
72
71
70
69
68
67
66
65
66
67
68
69
70
71
72
73
74
75
76
77
78
79
80
81
82
83
84
85
86
87
88
89
90
91
92
93
94
95
94
93
92
91
90
89
88
87
86
85
84
83
82
81
80
79
78
77
76
75
74
73
72
71
70
69
68
67
66
65
64
63
62
61
60
59
58
57
56
55
54
53
52
51
50
49
48
47
46
45
46
47
48
49
50
51
52
53
54
55
56
57
58
59
60
59
58
57
58
59
58
59
58
59
