0.000000,0.000000,0.000000
-0.027025,-0.051878,0.004535
-0.019583,-0.052808,0.000287
-0.011429,-0.059083,0.002418
-0.010533,-0.062175,0.002415
-0.026202,-0.080776,-0.009293
-0.036614,-0.085839,0.004567
-0.032685,-0.078156,0.019482
-0.024532,-0.091842,-0.003947
0.002945,-0.081063,0.018420
0.002395,-0.074098,0.025878
0.006079,-0.114030,-0.030576
0.034711,-0.010987,0.043941
-0.011883,-0.080374,-0.012516
-0.026209,-0.125049,0.054545
0.242930,0.402344,0.028900
0.087925,0.139676,-0.276719
-0.165138,-0.352424,-0.267153
-0.213882,0.040170,-0.126529
-0.147556,0.199027,-0.128596
0.019649,0.685863,0.202562
0.189352,0.433096,0.314259
-0.184856,0.281256,-0.011661
-0.581845,-1.069989,-0.278897
-0.186141,-0.743346,0.056536
0.177030,0.716321,0.053156
0.274478,-0.383153,0.086267
0.126818,0.020980,0.054327
0.549793,-0.291120,0.030788
0.777381,-0.141126,0.112720
0.615672,-0.388505,0.068982
0.418100,-0.242528,0.062536
0.176024,-0.169294,-0.088704
0.023080,0.008198,-0.183481
0.049507,-0.194887,-0.167582
0.232814,-0.178729,0.039999
0.291576,-0.419515,0.202942
0.278206,-0.263498,0.375653
0.042837,-0.260904,0.269366
-0.255367,0.048720,0.041463
-0.474642,0.088107,-0.271794
-0.431717,-0.036152,-0.312394
-0.138271,-0.249524,-0.106919
0.042538,-0.296504,0.033720
0.268073,-0.394203,0.150845
0.613194,-0.531891,0.252971
0.562846,-0.494389,0.243423
0.050353,-0.186863,0.077423
-0.624368,0.110454,-0.238811
-0.409958,0.064186,-0.211311
0.138948,-0.109866,0.178473
0.280799,-0.132889,0.267996
0.361462,0.126482,0.090153
0.286817,0.111098,0.021948
0.146445,0.049147,-0.072822
-0.454787,-0.011734,-0.071573
-0.833123,-0.348022,-0.277295
-0.806224,-0.296404,-0.556267
-0.196890,-1.008980,-0.294543
0.507803,-0.853624,-0.076412
0.747025,-0.653765,0.218708
0.632426,-0.326244,0.547739
-0.392215,0.345196,0.089238
-1.039950,0.683074,-0.463768
-0.242652,0.289683,-0.162697
0.479056,-0.078465,0.169512
0.641744,-0.128689,0.177959
0.436567,-0.035582,0.181067
0.066063,0.068470,0.073563
0.045587,-0.149292,0.040547
-0.082313,-0.392929,0.034101
-0.260320,-0.598855,-0.013825
-0.182360,-0.763205,-0.114122
0.075889,-0.760688,-0.093060
0.175036,-0.438942,-0.077232
0.107012,0.142565,-0.037693
0.288625,0.278753,0.064639
0.526839,0.162748,0.124487
0.503339,0.249684,0.148001
0.136555,0.349662,0.149234
-0.302858,0.473112,0.040705
-0.474433,0.316444,-0.156262
-0.250888,-0.221025,-0.306501
0.107597,-0.473801,-0.145859
-0.023294,-0.925843,0.112796
-0.272760,-0.814661,0.131633
-0.034809,-1.138110,-0.039255
0.470855,-0.967787,0.157629
0.026942,-0.486468,-0.064710
-0.385150,0.027098,-0.458969
0.334287,-0.337102,-0.082233
1.146273,0.094191,0.594387
0.003139,0.521514,-0.008865
-0.339832,0.955241,-0.301790
0.164255,0.353401,-0.042881
0.351817,0.159675,0.252452
0.313592,-0.634425,0.135312
0.694977,-0.865796,0.240472
0.561378,-1.009977,0.231602
0.347738,-0.648340,0.223780
-0.133901,-0.534397,-0.032949
-0.514744,-0.363468,-0.400592
0.168691,-0.512963,-0.213838
0.818421,-0.338398,0.266549
0.663387,0.113214,0.553552
0.028034,0.243553,0.142823
-0.378530,0.478440,-0.224495
-0.122556,0.885303,-0.077101
0.269313,0.123755,0.210594
0.090326,0.135832,0.087208
0.342032,-0.201347,-0.008832
-0.465339,-0.587765,-0.096327
0.298008,-0.419849,0.227137
-0.323129,-0.135867,0.129267
-0.402543,-0.554583,-0.060771
0.043336,-0.968049,-0.098992
0.262153,-1.231013,-0.026550
0.102720,-0.529913,0.013049
-0.172873,-0.133085,-0.134721
0.289007,-0.023051,0.141577
0.262098,0.365701,0.246423
-0.502741,0.935829,-0.138386
-0.725484,1.211637,-0.282680
-0.216713,1.107088,-0.120357
0.116918,0.518266,-0.104033
0.147410,0.124904,0.047666
-0.123418,-0.442739,0.182957
-0.548197,-0.441513,-0.131489
-0.594061,-0.541734,-0.571976
-0.066148,-0.903042,-0.145325
-0.013954,-1.058465,0.120567
0.133399,-0.887055,0.215807
0.039184,-0.733455,0.191007
-0.534920,-0.115120,-0.094195
-0.939952,0.116974,-0.471342
0.105303,0.238874,-0.062816
0.855751,0.141833,0.388031
0.150635,1.084580,0.040844
-0.346670,0.858036,-0.090707
-0.379094,0.786962,-0.057037
-0.328096,0.443527,-0.202329
-0.269218,0.200628,-0.255105
-0.046588,-0.259488,-0.048359
-0.431381,-0.461608,-0.058095
-0.247972,-0.522686,-0.236377
0.188593,-0.686948,-0.132530
0.329699,-0.934952,0.042809
0.068344,-0.365082,0.141618
-0.470709,0.000452,-0.048060
-0.542102,0.165307,-0.182288
-0.081640,0.200081,0.022203
0.020929,0.525250,-0.006164
-0.220883,0.509679,-0.304966
-0.163862,0.942327,-0.294757
0.007023,0.677938,-0.258838
0.002056,1.019521,-0.034389
-0.481530,0.678562,-0.036137
-0.464785,0.377790,-0.056003
-0.294899,-0.031429,-0.180632
-0.679815,0.203641,-0.173643
-0.434354,-0.511036,-0.152885
-0.492172,-0.728361,-0.222016
-0.501769,-0.741714,-0.250651
-0.500694,-1.026944,-0.413551
-0.016671,-1.320153,-0.332648
0.480989,-1.512296,0.045589
0.600502,-1.180652,0.354992
0.071359,-0.411672,0.406455
-0.071499,-0.601414,-0.081751
0.615317,-0.009255,0.160385
0.244686,0.603043,0.190665
0.409517,0.562288,-0.012164
0.556282,1.113920,0.069596
0.265301,1.080754,0.033186
0.259654,1.436824,0.156752
0.081193,1.020455,0.200553
-0.221326,0.989671,0.167481
-0.032772,0.509050,-0.050201
-0.125639,0.019664,-0.009566
-0.482001,-0.266476,-0.006844
-0.787419,-0.201779,-0.437101
-0.232031,-1.548561,-0.136861
-0.534814,-0.925300,0.059906
-0.630986,-1.490481,-0.280165
-0.463342,-1.596568,-0.593500
0.144891,-1.534716,-0.323310
1.412236,-1.274532,0.518072
0.516734,-1.294130,0.314776
0.219232,-0.158488,-0.256833
0.265341,0.178565,-0.014562
-0.341206,0.722075,-0.081307
-0.076941,0.554730,0.018552
-0.369057,1.635607,-0.061431
-0.230212,2.039291,-0.127628
-0.103428,1.887698,-0.005206
0.248550,1.586350,0.110377
0.138548,1.564644,0.061097
-0.016332,0.923855,0.107786
0.192172,0.264232,-0.118107
-0.122236,-0.491555,-0.021319
0.413884,-1.348703,0.007879
0.438018,-1.548168,0.094337
0.705470,-2.122812,0.209144
-0.006215,-1.614112,-0.028667
-0.468485,-0.716731,-0.137378
0.420387,-1.084436,0.206895
-0.305329,0.369171,-0.087527
-0.352705,0.747630,-0.073531
0.889642,0.186691,0.605589
0.394557,0.640035,0.199927
-0.259539,1.177431,-0.007624
-0.510697,1.002320,-0.198585
-0.446528,0.606434,-0.383176
0.089450,0.093691,-0.333868
0.220927,-0.173618,0.101598
-0.343628,-0.418839,-0.081412
-0.151579,-0.986556,-0.314611
0.044696,-0.684326,-0.208077
-0.133685,-0.573886,-0.320792
-0.059331,-0.542169,-0.106461
0.563864,-0.611256,0.372255
0.535307,-0.086223,0.478912
-0.256005,0.357413,-0.050127
-0.842222,0.954842,-0.499280
-0.274550,0.413832,-0.265622
0.443514,0.297984,0.181167
0.632310,-0.522071,0.172965
0.491962,-0.258311,0.303181
0.304726,-0.535514,0.213713
0.462469,-0.019048,0.222182
0.259484,0.028055,-0.021768
-0.146778,0.499664,-0.200593
-0.339488,0.348721,-0.319650
-0.003283,-0.023664,-0.040240
0.174688,-0.204499,0.110240
0.105559,-0.145225,0.140316
0.156915,-0.041500,0.139453
0.374300,0.139263,0.157875
0.437538,0.471043,0.106198
0.284814,0.677873,-0.018976
0.116520,0.669460,-0.074855
-0.107722,0.580695,0.015020
-0.518258,0.469775,0.031226
-0.726035,0.324465,-0.204258
-0.273909,-0.113565,-0.335640
0.021081,-0.360617,-0.057310
-0.339645,-0.625358,0.037337
-0.686997,-0.810310,-0.083422
-0.586625,-1.134745,-0.335417
0.074837,-1.495154,-0.234630
0.531055,-1.118374,0.083895
0.021500,-0.332388,0.017651
0.046269,-0.455067,-0.172115
-0.014457,-0.040674,0.022411
-0.427303,0.682935,-0.103318
-0.070128,0.502981,-0.118239
-0.085538,0.808802,0.021957
-0.185271,0.912963,-0.071092
-0.099963,0.708812,-0.317524
0.252777,1.026178,-0.209214
0.006019,0.790748,0.030488
-0.528493,0.778487,-0.139360
-0.158557,-0.106906,-0.395091
0.251879,0.058448,0.021568
0.140481,-0.628336,0.028595
0.384641,-1.038660,0.116375
0.441884,-0.991136,-0.036790
-0.047151,-0.797755,-0.176748
-0.647508,-0.116479,-0.429790
-0.272170,-0.683995,-0.179714
0.586826,-0.673723,0.373470
0.426797,-0.351452,0.241397
-0.516426,0.579870,-0.300491
-0.406783,0.149942,-0.430429
0.691424,0.254511,0.079377
0.798169,0.138620,0.222852
0.548603,0.441876,0.200372
0.250654,0.483719,0.018939
-0.021490,0.627229,-0.057083
-0.393564,0.563346,-0.121623
-0.606924,0.392496,-0.187473
-0.485287,0.079981,-0.350690
-0.223385,-0.214202,-0.329863
-0.194340,-0.482522,-0.055932
-0.561814,-0.564479,-0.062518
-0.863879,-0.783782,-0.332449
-0.596468,-1.048355,-0.407406
0.241552,-1.212080,-0.213826
0.881229,-0.780821,0.245597
0.068159,-0.110623,0.075435
-0.370424,0.235650,-0.395282
0.228335,-0.060553,-0.173232
0.517124,0.263337,0.190997
-0.040136,0.973080,0.017081
-0.321127,1.142373,-0.197553
-0.025312,0.948345,-0.195761
0.176535,0.431683,-0.114158
-0.146672,0.537938,0.036260
-0.514846,0.121792,-0.046172
-0.256376,-0.049055,-0.121527
-0.282328,-0.076651,-0.161462
-0.315463,-0.202421,-0.106815
-0.167865,-0.579326,-0.082342
0.076657,-0.682709,-0.080235
0.066369,-0.773677,0.010391
-0.089158,-0.405343,0.058755
-0.334950,0.138946,-0.010735
-0.398659,0.452519,-0.064967
-0.117827,0.432486,-0.036913
-0.019702,0.352689,0.038630
-0.146113,0.419523,-0.012480
-0.101695,0.449113,-0.209466
0.099017,0.675579,-0.288116
0.176580,0.485820,-0.252038
0.183577,0.422824,0.011702
-0.134990,0.331205,0.102374
-0.643319,0.449843,-0.117213
-0.524589,0.095250,-0.462937
-0.003369,-0.245999,-0.382732
-0.030208,-0.280252,-0.129269
-0.430012,-0.386939,-0.015476
-0.774800,-0.400570,-0.291582
-0.395795,-0.757182,-0.374881
0.232501,-1.168994,-0.068344
1.072363,-1.276829,0.415157
1.005854,-0.713106,0.386964
-0.076311,0.024814,-0.117871
-0.363565,-0.018705,-0.432121
0.790664,-0.115082,0.161504
0.802853,0.286498,0.381171
-0.214289,0.853415,0.040832
-0.253240,1.108880,-0.248239
0.047834,0.691960,-0.169539
0.367345,0.884338,0.096885
0.294231,0.681105,0.039708
0.248706,0.223728,-0.031553
0.277286,-0.176010,0.107626
-0.164948,-0.126285,-0.112027
-0.105196,-0.377701,-0.166840
0.211718,-0.456594,0.006508
0.157891,-0.561281,0.078311
-0.136717,-0.186419,0.050158
-0.109040,0.319844,-0.006394
-0.185491,0.677302,-0.100127
-0.218711,0.804324,-0.108746
-0.061820,0.647151,-0.161927
0.202766,0.411293,-0.141642
0.350401,0.193948,0.079424
-0.010704,0.202359,0.109384
-0.268185,0.247976,-0.055612
-0.150951,-0.052537,-0.323124
0.411473,-0.327926,-0.078116
0.340381,-0.414155,0.134117
-0.135513,-0.251105,0.065244
-0.237938,-0.299019,-0.089821
0.001858,-0.068067,-0.113311
0.117831,0.134941,-0.033381
0.044243,0.618832,0.061700
-0.054100,0.687911,0.020515
0.018352,0.632160,0.041232
0.126259,0.467896,-0.023191
0.259167,0.238263,-0.022908
0.251199,-0.169534,-0.002794
0.103231,-0.329582,0.028815
0.054086,-0.291992,-0.015410
0.252035,-0.500191,-0.135535
0.500594,-0.409581,-0.031843
0.427850,-0.124194,0.049516
0.088281,0.088521,-0.021347
-0.092167,0.169401,0.003739
0.060566,0.188739,0.136109
0.276396,0.215884,0.250456
0.245371,0.674522,0.269023
0.087241,0.699799,0.014542
0.060442,0.509694,-0.190413
0.263392,0.440314,-0.111892
0.478272,-0.011750,0.054645
0.293650,-0.046620,0.169253
0.055342,-0.180002,0.120202
0.197983,-0.394107,-0.115328
0.700955,-0.659195,0.007128
0.533090,-0.534185,0.166471
-0.063295,-0.253531,0.103394
-0.768441,-0.140936,-0.263075
-0.893863,-0.103790,-0.475875
-0.227743,-0.568865,-0.170800
0.464359,-0.680936,0.210114
0.640126,-0.575566,0.259926
0.387968,-0.240280,0.215079
-0.200284,0.169928,-0.096948
-0.448247,0.300665,-0.302390
0.028422,-0.009455,-0.083540
0.460198,-0.002855,0.342342
0.307875,0.349386,0.309202
0.039550,0.772564,0.121564
-0.087153,0.802441,-0.117268
-0.117002,0.820021,-0.259114
-0.018743,0.751958,-0.230558
-0.008554,0.295981,-0.015036
-0.083519,0.208826,0.143568
-0.016602,0.031394,0.013887
0.243245,-0.576373,-0.165348
0.923285,-1.147005,0.173459
0.535598,-1.209016,0.440944
-0.007613,-1.347294,0.192753
-0.376037,-1.505983,-0.135013
-0.655988,-1.428225,-0.396671
-0.479255,-1.146767,-0.436627
0.841460,-1.304656,0.338361
-0.275350,-0.339613,0.025863
-0.846951,0.615131,-0.536125
0.585623,0.312289,0.393898
0.678252,0.746758,0.567654
-0.424520,1.705398,-0.463963
-0.538219,1.468737,-0.615543
0.008098,0.848346,-0.032433
0.285611,0.533012,0.020467
-0.062930,0.006691,-0.011523
-0.719863,0.130593,-0.248098
-0.226257,-0.397157,-0.099799
0.010373,-0.720929,0.164297
-0.086260,-0.934649,0.076210
-0.157827,-1.315868,-0.195305
-0.293664,-1.218926,-0.251401
-0.284856,-1.404711,-0.301865
0.621660,-1.464475,0.227295
0.296777,-0.854261,0.364494
-0.741293,-0.233884,-0.349005
0.025725,-0.335470,-0.198942
0.920150,0.358748,0.515798
0.222231,0.678491,0.224994
-0.132746,0.983422,-0.251007
0.398996,0.497007,-0.064295
0.495277,0.233700,0.220678
0.206866,-0.065075,0.175915
-0.002516,0.133289,-0.037295
0.165555,-0.059201,-0.130554
0.605394,-0.373325,0.001772
0.955359,-0.268417,0.168268
0.786221,0.273655,0.359452
0.271507,0.646786,0.427176
-0.200110,0.956813,0.221226
-0.534886,0.928654,-0.010308
-0.503866,0.704726,-0.131194
-0.180273,0.368439,-0.181121
0.237813,0.015420,0.056279
0.189900,-0.195914,0.367556
-0.158018,-0.395691,0.088017
-0.137688,-0.575866,-0.151837
0.247912,-0.734078,-0.033053
0.286224,-0.827681,0.008316
0.392026,-0.563901,0.089321
0.545615,-0.739468,0.094011
0.578846,-0.029981,0.164106
0.273802,0.506638,0.114340
0.281433,0.773421,0.137500
0.396317,0.503603,0.119306
0.413615,0.643324,0.106445
0.208521,0.323110,0.027368
-0.008418,-0.059699,0.056721
0.168437,-0.158591,0.014456
0.490699,-0.304111,0.011383
0.537197,-0.337139,0.063705
0.217589,0.372696,0.016937
-0.158704,0.595079,-0.196061
-0.381464,0.533361,-0.320514
-0.272596,-0.055732,-0.258522
-0.074898,-0.220847,-0.023971
-0.047614,-0.232637,0.053517
-0.154013,-0.206426,0.036239
0.030232,-0.242336,0.107287
0.365711,-0.277305,0.267843
0.452988,-0.006170,0.242283
0.163493,0.225496,-0.034544
-0.097183,0.449101,-0.276212
-0.069572,0.266748,-0.360090
0.174342,0.158190,-0.155225
0.210069,-0.009736,-0.008913
0.238999,-0.044697,0.224643
0.204052,-0.258564,0.295022
0.244771,-0.093705,0.314386
0.246114,0.141105,0.216725
0.056859,0.585771,0.105426
-0.191535,0.553046,-0.142117
-0.201175,0.732716,-0.256257
-0.087925,0.522464,-0.329898
-0.026634,0.580368,-0.131987
-0.330759,0.289410,0.038667
-0.730010,0.573186,-0.049692
-0.564542,0.132861,-0.329258
0.024154,-0.090942,-0.277623
-0.102728,-0.463990,0.002211
-0.435963,-0.295369,0.062574
-0.782143,-0.584446,-0.238629
-0.588579,-0.733193,-0.435306
-0.030500,-1.275963,-0.295309
0.689450,-1.245041,0.140185
0.893379,-0.793646,0.410851
-0.041581,-0.005561,0.060547
-0.178972,-0.115718,-0.268653
0.567682,-0.043682,0.121854
0.427540,0.171707,0.293906
-0.153645,1.109974,0.041229
-0.370373,0.899286,-0.256321
-0.092905,0.928625,-0.101658
0.156965,0.565247,0.044339
0.018908,0.551323,-0.047752
-0.066175,0.200474,-0.174814
0.011381,0.002746,-0.092289
-0.093823,-0.471246,0.004142
-0.444171,-0.286480,-0.179861
-0.291593,-0.359760,-0.284159
0.146429,-0.664292,-0.223209
0.798210,-0.657697,0.103150
1.093815,-0.263094,0.365830
0.763479,0.153413,0.360402
-0.023118,0.617390,-0.016530
-0.126842,0.536026,-0.158468
0.246161,0.484545,0.042064
0.378967,0.465357,0.220315
0.341751,0.549542,0.192972
0.200071,0.421907,-0.016627
0.355933,0.229724,-0.079568
0.670049,0.020679,0.089214
0.664634,-0.185401,0.295200
0.348255,-0.079958,0.229253
0.188429,-0.048597,-0.029914
0.349209,0.060724,-0.095228
0.608490,0.342769,0.056901
0.611846,0.649633,0.215858
0.232590,0.887299,0.260598
-0.258111,0.950531,0.157111
-0.376443,0.476297,-0.007095
0.048366,0.307837,-0.056093
0.347152,0.065975,0.052888
0.113161,-0.036141,0.199298
0.053552,-0.640685,0.036213
0.265274,-0.883716,-0.050082
0.205264,-0.942783,-0.010921
-0.061300,-0.609452,0.058346
-0.070699,-0.785884,-0.050071
0.146387,-0.712496,-0.090903
0.276374,-0.612427,-0.040711
0.149287,-0.068992,0.041043
0.168928,0.356151,0.009361
0.117949,0.672506,-0.032286
0.117691,0.624868,-0.036186
0.311746,0.933413,0.010387
0.254061,0.781745,-0.106926
0.347438,0.791848,-0.051802
0.422139,0.341324,0.109423
0.029559,0.461231,0.043547
0.065630,0.227767,-0.136943
0.475280,-0.201288,-0.130621
0.628262,-0.244436,0.153314
0.611068,-0.630187,0.319694
0.312935,-0.582085,0.149246
0.254446,-0.365747,-0.028803
0.198111,-0.202253,-0.150911
-0.005681,0.002344,-0.262241
-0.087676,-0.016981,-0.350848
0.232892,0.086402,-0.109787
0.719454,0.039934,0.191169
-0.607645,0.673567,-0.339861
0.643652,0.770382,0.446444
0.218041,0.993422,0.332363
-0.155095,0.869506,0.212776
-0.157879,0.565014,-0.023320
-0.095194,-0.347696,0.124165
1.028392,-0.366774,0.168591
0.663445,-0.836794,0.367155
0.285027,-0.833865,0.126606
0.368429,-1.052882,-0.063968
0.527070,-0.626087,0.067516
0.290967,-0.306694,0.077021
0.196980,-0.185263,-0.061012
0.462300,-0.191995,-0.024774
0.756772,0.332641,0.192429
0.623835,0.612012,0.300235
0.125956,1.383161,0.214055
-0.434791,1.653263,-0.122633
-0.551310,1.452657,-0.221458
-0.452472,1.185375,-0.157451
-0.261547,0.741013,-0.033070
0.090955,0.636039,0.094965
0.460196,-0.385952,0.073481
0.831378,-1.122317,0.044187
0.243191,-1.843761,-0.146611
0.054383,-2.489987,-0.139453
-0.020521,-2.264196,-0.034139
-0.024349,-1.632604,0.184572
-0.462566,-0.772913,-0.027595
-0.063803,-0.764216,-0.174061
-0.195488,0.418671,-0.105489
0.304756,0.689289,0.133473
0.625459,1.131747,0.179462
0.423708,1.941455,0.139226
0.492365,1.819388,0.047918
0.427547,1.740914,0.259955
0.084886,1.611401,0.325906
-0.072359,0.916701,-0.056814
-0.191687,0.247691,0.025802
-0.109288,-0.298522,-0.132985
0.237975,-0.701601,-0.091680
0.667781,-2.592043,0.176541
0.481127,-2.686439,0.108183
0.999723,-2.785277,0.190920
0.869432,-2.608238,0.301345
-0.264728,-0.963531,-0.177481
0.975432,-1.421250,0.403399
0.024617,0.061342,-0.051079
-0.076140,-0.401680,-0.130377
-0.130221,-0.167283,0.021138
-0.162650,0.995042,-0.037608
-0.146370,1.826954,-0.091849
-0.124958,1.662933,-0.206176
0.436520,1.624488,0.079131
0.541902,1.126948,-0.003113
0.669814,0.699592,0.229395
0.110539,0.218161,0.010982
-0.392564,0.170055,-0.145372
-0.621599,-0.281757,0.042662
-0.468849,-0.312546,-0.225663
0.204495,-0.308262,-0.013173
0.395508,-1.042649,0.200972
-0.256078,-0.710884,0.134688
-0.567143,-1.121614,-0.218478
-0.357298,-1.248157,-0.371195
0.139798,-1.545767,-0.360741
0.899506,-1.187670,0.095510
0.431630,-0.576312,0.214542
-0.469664,-0.177850,-0.272615
0.166169,-0.318714,-0.059313
-0.463643,0.708234,-0.054184
-0.124281,1.044478,-0.022679
-0.058463,1.090037,-0.091392
0.021002,1.581271,0.016421
-0.015563,1.735264,0.012683
-0.123987,1.423628,-0.054204
0.245532,1.146482,-0.085547
0.181220,0.776311,0.090026
0.296684,-0.012697,-0.054187
0.522050,-0.333047,0.010511
-0.072903,-0.526125,0.051109
0.048835,-1.126488,0.191347
-0.331843,-1.467365,-0.057973
-0.354508,-0.696866,-0.073826
0.033464,-1.368179,-0.194120
0.831314,-1.234315,0.157923
0.611641,-0.695473,0.118367
-0.064140,0.030767,-0.195308
0.303784,-0.079561,-0.016552
0.997879,0.292098,0.473010
-0.433017,0.930501,-0.232778
-0.573938,1.651353,-0.473002
-0.143226,1.396671,-0.082414
0.321970,1.395914,0.064339
0.617002,1.213248,-0.051424
0.288889,1.091089,0.162901
-0.474521,0.878331,0.137213
-0.325663,0.174784,-0.308846
-0.257671,-0.063953,0.004156
0.449753,-0.822598,0.032858
1.042504,-1.690205,0.250280
0.584868,-1.485397,0.183071
0.517135,-1.573007,0.116004
-0.198677,-0.412526,-0.388440
0.318690,-0.318285,-0.028388
0.966985,-0.690041,0.234715
-0.031981,0.611689,0.019789
-0.466894,1.339085,-0.335548
0.174682,1.389709,0.108329
0.097729,2.093950,0.014990
0.159068,2.097415,0.068634
-0.223282,1.738222,0.139195
0.128923,1.124136,0.059288
0.095651,0.586745,0.068419
0.162708,-0.834889,-0.239520
0.461019,-1.067199,0.101221
-0.093035,-1.504046,-0.064398
-0.098993,-1.728853,0.057017
0.126877,-2.316784,0.109143
0.550228,-1.540035,0.236645
0.022499,-1.266883,-0.049872
-0.404054,-0.151524,-0.333621
0.870493,-0.787766,0.130345
-0.262601,0.481849,-0.030663
-1.022400,0.914695,-0.556012
0.044948,0.737092,0.232369
0.341075,1.418010,0.302058
-0.410538,2.280004,-0.060818
-0.566645,1.825124,-0.341908
0.122683,1.283894,-0.278940
0.042964,1.202353,-0.013328
0.362160,0.216444,0.008215
1.034247,-0.708630,0.154043
0.052833,-1.580927,0.093990
-0.747208,-1.775191,-0.152735
-0.962857,-0.706642,-0.499313
-0.494534,-1.451446,-0.578031
0.212304,-2.097993,0.018154
0.487756,-1.580566,0.480844
-0.219473,-1.116305,0.204074
-0.288981,-0.305817,-0.213195
0.895414,-0.339856,0.305723
0.171080,0.655707,0.200316
0.341443,0.588511,-0.082271
0.747185,0.644648,0.121627
0.951224,0.874362,0.337102
0.649952,1.098077,0.371047
0.147299,1.359827,0.280938
0.036186,0.982371,0.069868
0.839371,0.616705,-0.006543
0.673006,-0.280656,0.173820
0.254157,-0.675441,0.030232
0.175874,-0.920415,-0.240578
0.532239,-1.208543,-0.078429
0.493972,-0.641294,0.170442
0.065869,-0.117999,0.108348
-0.235724,0.268089,-0.002848
-0.172125,0.034265,-0.064975
-0.041036,-0.187158,-0.093287
0.158236,0.182720,0.033295
0.201549,0.609538,-0.014560
0.003988,0.729809,-0.059265
-0.061097,0.745066,0.039214
0.074912,0.956919,0.088343
0.072535,0.664710,-0.058150
-0.089576,0.515055,-0.023697
0.003107,0.021321,0.122784
0.029121,-0.378343,0.064921
0.085307,-0.631673,-0.045887
0.055241,-0.729300,0.020765
0.129538,-0.948565,-0.092650
0.381178,-0.842827,0.047945
0.490131,-1.064223,0.168686
0.697475,-1.052048,0.179309
0.400845,-0.223747,0.050958
0.254696,0.333214,0.010602
0.630728,0.016551,0.057082
0.371452,0.531241,0.063448
0.211489,0.714637,0.014199
0.226664,1.033231,-0.039056
0.168411,0.871623,-0.121299
0.160452,0.771514,0.012538
-0.088753,0.431621,0.087913
-0.325092,0.301050,-0.009739
-0.559751,0.033898,-0.417598
-0.203136,-0.321901,-0.272634
