0.000000,0.000000,0.000000
1.004458,10.000000,0.834950
1.746958,10.000000,1.412066
2.714796,10.000000,2.132889
3.654548,10.000000,2.871733
4.601419,10.000000,3.643780
5.803694,10.000000,4.640780
6.527397,10.000000,5.265357
7.000000,10.000000,6.137369
7.000000,10.000000,7.030560
7.000000,10.000000,7.880927
7.000000,10.000000,8.707902
7.000000,10.000000,9.523141
7.000000,10.000000,10.259121
7.000000,10.000000,10.893418
7.000000,10.000000,11.420726
7.000000,10.000000,11.834079
7.000000,10.000000,12.118309
7.000000,10.000000,12.321090
7.000000,10.000000,12.510089
7.000000,10.000000,12.712743
7.000000,10.000000,12.950781
7.000000,10.000000,13.246977
7.000000,10.000000,13.589360
7.000000,10.000000,13.939763
7.000000,10.000000,14.259813
7.000000,10.000000,14.476736
7.000000,10.000000,14.540009
7.000000,10.000000,14.441688
7.000000,10.000000,14.236529
7.000000,10.000000,13.968850
7.000000,10.000000,13.736701
7.000000,10.000000,13.623240
7.000000,10.000000,13.690207
7.000000,10.000000,13.985799
7.000000,10.000000,14.514980
7.000000,10.000000,15.227334
7.000000,10.000000,16.066326
7.000000,10.000000,17.050638
7.000000,10.000000,18.248812
7.000000,10.000000,19.723122
7.000000,10.000000,21.643129
7.000000,10.000000,24.257250
7.000000,10.000000,27.786200
7.000000,10.000000,32.440315
7.000000,10.000000,38.377518
7.000000,10.000000,45.784531
7.000000,10.000000,54.824219
7.000000,10.000000,65.599632
7.000000,10.000000,78.095535
7.000000,10.000000,92.322617
7.000000,10.000000,107.924225
7.000000,10.000000,124.373642
7.000000,10.000000,141.307159
7.000000,10.000000,158.288879
7.000000,10.000000,174.826584
7.000000,10.000000,190.147964
7.000000,10.000000,203.496475
7.000000,10.000000,213.349945
7.000000,10.000000,219.167313
7.000000,10.000000,220.507507
7.000000,10.000000,217.750961
7.000000,10.000000,211.269989
7.000000,9.902631,201.493607
7.000000,7.912401,188.943237
7.000000,3.416698,174.061020
6.843840,-3.345302,157.355865
6.602222,1.316429,139.224976
6.039046,3.207968,120.213020
5.152140,6.000000,100.744095
3.891967,6.000000,81.395950
2.483098,6.000000,62.512020
1.214061,6.000000,44.503693
-0.252543,6.000000,28.524881
-1.843440,-4.911981,15.077538
-3.441623,-0.161718,4.721357
-4.908424,-5.550380,-1.961087
-5.711032,4.998211,-4.764348
-5.804340,7.080300,-3.602936
-5.518493,10.000000,1.306366
-5.003036,10.000000,9.427482
-4.126904,10.000000,20.115345
-3.035201,10.000000,32.923904
-1.868113,10.000000,47.592316
-0.569393,10.000000,64.045647
1.043581,10.000000,82.047264
3.074733,10.000000,101.509850
5.451275,10.000000,122.311455
7.000000,10.000000,144.433426
7.000000,10.000000,167.882904
7.000000,10.000000,192.463196
7.000000,10.000000,218.057480
7.000000,10.000000,244.427780
7.000000,10.000000,270.801453
7.000000,10.000000,296.983490
7.000000,10.000000,323.140717
7.000000,10.000000,346.965149
7.000000,10.000000,365.860077
7.000000,10.000000,378.444366
7.000000,10.000000,383.785858
7.000000,10.000000,382.048370
7.000000,9.068584,374.346527
7.000000,5.583850,361.856537
7.000000,-0.663655,345.745422
7.000000,3.350117,326.472565
6.564944,6.000000,304.467133
5.363201,6.000000,280.463715
3.458220,1.454368,255.373001
1.313863,-3.676950,230.015747
-0.830774,6.000000,205.241577
-2.822557,1.072331,181.815323
-4.896459,-3.416749,160.453278
-6.867041,6.000000,141.781296
-7.000000,6.000000,126.663902
-7.000000,-5.829370,115.521523
-7.000000,0.297062,108.708244
-7.000000,-3.638541,106.336357
-7.000000,-3.509993,108.067558
-6.859666,0.361424,113.342781
-6.380716,7.513337,121.502678
-5.534319,10.000000,131.909775
-4.437610,10.000000,144.277557
-3.135216,10.000000,158.251495
-1.695486,10.000000,173.712860
-0.210344,10.000000,190.671249
1.487439,10.000000,209.216888
3.581786,10.000000,229.274704
6.140366,10.000000,250.805405
7.000000,10.000000,273.888367
7.000000,10.000000,298.398987
7.000000,10.000000,324.288696
7.000000,10.000000,351.597107
7.000000,10.000000,380.377869
7.000000,10.000000,411.026154
7.000000,10.000000,444.212830
7.000000,10.000000,479.880920
7.000000,10.000000,513.170410
7.000000,9.141288,537.253418
7.000000,1.221770,552.871277
7.000000,2.558859,563.602356
7.000000,2.741287,571.536133
7.000000,6.000000,577.383057
7.000000,0.111503,578.285950
7.000000,-4.064017,572.533447
7.000000,3.144916,561.336243
7.000000,-4.535734,545.271057
6.968974,-2.262134,525.496582
6.371020,-1.497431,502.479919
4.826000,-3.040737,476.829529
2.489529,6.000000,449.586273
-0.461935,0.519239,421.745636
-3.583992,-5.416951,394.337158
-6.188388,6.000000,368.129639
-7.000000,0.502541,343.891144
-7.000000,-4.501045,321.926422
-7.000000,6.000000,303.280884
-7.000000,2.211780,288.601868
-7.000000,6.000000,280.616028
-7.000000,-3.027937,274.630157
-7.000000,5.625716,274.345184
-6.894474,7.728703,279.573242
-6.418922,10.000000,289.347778
-5.697860,10.000000,302.763275
-4.791835,10.000000,319.250305
-3.467247,10.000000,338.453979
-1.714179,10.000000,360.343109
0.834331,10.000000,384.561737
4.518639,10.000000,410.546173
7.000000,10.000000,437.689697
7.000000,10.000000,465.186829
7.000000,10.000000,492.305389
7.000000,10.000000,518.187744
7.000000,10.000000,542.227356
7.000000,10.000000,564.791321
7.000000,10.000000,586.976440
7.000000,10.000000,610.085388
7.000000,10.000000,635.192810
7.000000,10.000000,661.662781
7.000000,10.000000,686.889709
7.000000,10.000000,708.395996
7.000000,10.000000,723.076294
7.000000,7.640890,730.412720
7.000000,3.127436,730.877991
7.000000,-3.066780,724.587402
7.000000,1.928603,712.988525
7.000000,6.000000,697.210632
6.582124,-5.313028,678.726624
5.322829,-3.966707,658.248962
3.594798,-5.455752,636.118408
1.200377,6.000000,612.849365
-1.837486,1.229095,588.876038
-5.512188,-4.022945,564.650085
-7.000000,6.000000,540.699829
-7.000000,0.669517,517.607849
-7.000000,-4.720057,495.532318
-7.000000,6.000000,475.420654
-7.000000,1.257974,457.715240
-7.000000,-2.854091,442.508118
-7.000000,-5.949517,430.193085
-7.000000,-4.338529,420.739319
-7.000000,-2.505664,414.241180
-7.000000,1.760305,410.681183
-7.000000,-5.242025,409.433624
-7.000000,2.044641,409.834167
-6.855196,-2.406551,411.175262
-6.561364,6.000000,412.810089
-6.331530,1.712303,414.161102
-6.344890,-3.235874,414.813232
-6.891180,4.532284,414.789642
-7.000000,-1.692349,414.249878
-7.000000,4.324763,413.458496
-7.000000,-2.521909,412.519135
-7.000000,2.547554,411.613464
-7.000000,-4.201074,411.000000
-7.000000,2.856132,410.824066
-7.000000,-3.167772,411.071533
-7.000000,3.218872,411.729889
-7.000000,-2.187531,412.620758
-7.000000,4.691446,413.648224
-7.000000,-0.480273,414.742157
-7.000000,-5.718751,415.748993
-7.000000,1.929404,416.582306
-7.000000,-3.775314,417.111084
-7.000000,2.900952,417.259521
-7.000000,-3.510094,417.155945
-7.000000,2.684947,416.952179
-7.000000,-4.078969,416.643524
-7.000000,2.486825,416.199738
-7.000000,-4.622541,415.723145
-7.000000,0.654526,415.311127
-7.000000,6.000000,415.022919
-7.000000,-0.995179,414.905579
-7.000000,4.309206,415.022308
-7.000000,-2.293799,415.408630
-7.000000,4.471228,416.164154
-7.000000,-1.420769,417.288605
-7.000000,6.000000,418.736053
-7.000000,0.716246,420.390656
-7.000000,-4.454408,422.095642
-7.000000,3.418057,423.755615
-7.000000,-1.859388,425.236176
-7.000000,6.000000,426.448242
-7.000000,0.262491,427.413483
-7.000000,-5.722640,428.132446
-7.000000,1.303997,428.623077
-7.000000,-5.127431,428.945770
-7.000000,1.045994,429.149078
-7.000000,-5.629708,429.315094
-7.000000,0.965581,429.494232
-7.000000,-5.745076,429.721313
-7.000000,1.020737,430.049530
-7.000000,-5.538438,430.507202
-7.000000,1.148426,431.069550
-7.000000,-5.283602,431.697479
-7.000000,1.224551,432.390320
-7.000000,-5.024319,433.220642
-7.000000,1.447784,434.208557
-7.000000,-4.528692,435.297760
-7.000000,3.166207,436.583923
-7.000000,-2.259388,438.146790
-7.000000,4.760862,439.979828
-7.000000,0.046394,442.079407
-7.000000,-4.283162,444.437439
-6.958542,3.987646,446.894592
-6.926579,0.044740,449.355316
-7.000000,-3.847264,451.732483
-7.000000,4.967319,453.849335
-7.000000,0.604668,455.552246
-7.000000,-4.265331,456.693665
-7.000000,3.253499,457.315796
-7.000000,-2.527272,457.542328
-7.000000,4.439945,457.468811
-7.000000,-1.926836,457.191864
-7.000000,4.401873,456.905701
-7.000000,-1.888643,456.806305
-7.000000,4.523382,457.001038
-7.000000,-1.191717,457.525238
-7.000000,6.000000,458.297211
-7.000000,0.781926,459.286835
-7.000000,-4.187531,460.485931
-7.000000,3.622367,461.812927
-7.000000,-0.989758,463.267120
-7.000000,-5.348682,464.911743
-7.000000,3.104460,466.907227
-7.000000,-0.189311,469.435669
-7.000000,-2.757869,472.546753
-7.000000,-4.457750,476.336456
-6.991070,-5.173727,480.868073
-6.849149,-4.907762,486.090851
-6.551176,-3.595660,492.022003
-6.045660,-1.399064,498.458923
-5.307850,1.434600,505.131866
-4.607206,4.945561,512.068115
-4.214337,9.343985,519.460632
-3.892342,10.000000,527.247009
-2.925833,10.000000,534.916382
-1.513769,10.000000,542.224731
-0.581713,10.000000,549.316833
-0.339421,10.000000,556.479675
-0.147996,10.000000,563.866211
0.517433,10.000000,571.519409
1.559591,10.000000,579.569946
2.829548,10.000000,587.982361
4.267140,10.000000,596.552124
5.529080,10.000000,605.295227
6.593195,10.000000,614.374634
7.000000,10.000000,623.458313
7.000000,10.000000,632.349548
7.000000,10.000000,640.718140
7.000000,10.000000,648.204346
7.000000,10.000000,654.481140
7.000000,10.000000,659.225159
7.000000,10.000000,662.136292
7.000000,10.000000,663.319702
7.000000,10.000000,663.003296
7.000000,10.000000,661.337769
7.000000,10.000000,658.476868
7.000000,10.000000,654.590393
7.000000,9.545661,649.925415
6.993546,8.302055,644.749390
6.891811,6.457041,639.274597
6.686056,4.257164,633.759033
6.418112,1.846217,628.348206
6.156414,-0.648418,623.164185
5.765050,-3.014879,618.402771
5.207818,-4.939630,614.344238
4.607141,6.000000,611.257080
4.151434,5.885046,609.375183
4.020305,7.040482,608.843445
4.382418,9.487051,609.608398
5.254978,10.000000,611.321228
6.518347,10.000000,613.440857
7.000000,10.000000,615.408020
7.000000,10.000000,616.739197
7.000000,10.000000,617.107788
7.000000,10.000000,616.337646
7.000000,9.787816,614.384033
7.000000,8.375855,611.261414
6.861328,5.700173,607.100342
6.421399,1.973446,602.165344
5.676114,-2.392230,596.899902
4.813001,6.000000,591.710571
3.997739,1.615086,587.042603
3.361214,-2.194172,583.211243
3.028946,-5.287137,580.307129
2.963445,5.042620,578.471924
3.094361,3.886796,577.742004
3.423021,3.728024,578.031982
3.893892,4.555922,579.271851
4.503926,6.138253,581.180786
5.077238,8.299102,583.552673
5.528730,10.000000,586.338440
6.084650,10.000000,589.220276
6.822009,10.000000,591.928101
7.000000,10.000000,594.255737
7.000000,10.000000,595.954712
7.000000,10.000000,596.853271
7.000000,10.000000,596.768799
6.979921,9.476130,595.750610
6.790974,8.095510,593.974304
6.449182,6.053867,591.671570
6.043119,3.485294,589.003479
5.581815,0.602905,586.198853
5.038629,-2.398353,583.454834
4.400846,-5.356978,580.925110
3.710729,3.981646,578.773071
3.113915,1.606428,577.109436
2.686802,-0.329861,575.981079
2.412603,-1.811841,575.371460
2.249638,-2.831074,575.258606
2.214388,-3.446050,575.555420
2.386912,-3.807356,576.091492
2.790038,-4.143523,576.630188
3.330815,-4.692969,576.940735
3.884332,-5.581387,576.914429
4.287534,5.268116,576.453552
4.402242,3.509220,575.632507
4.272874,1.468495,574.598572
4.052086,-0.688205,573.524841
3.897147,-2.813694,572.556091
3.988815,-4.881985,571.710449
4.230561,5.548009,571.070496
4.380608,3.993098,570.827942
4.479030,2.838837,570.997437
4.698267,2.015844,571.486267
5.020367,1.375411,572.132080
5.280856,0.804620,572.817993
5.428321,0.313326,573.551453
5.558559,-0.219738,574.211548
5.694699,-0.961031,574.642700
5.804694,-1.902872,574.866211
5.936308,-3.090402,574.849121
6.107061,-4.578938,574.551392
6.219275,6.000000,573.966736
6.209475,3.926348,573.174438
6.093531,1.659235,572.251831
5.950717,-0.739422,571.267761
5.841868,-3.156179,570.335083
5.784526,-5.531934,569.507751
5.763641,4.245766,568.769653
5.785196,1.927629,568.110840
5.821936,-0.404389,567.487305
5.842397,-2.762498,566.885132
5.800163,-5.102834,566.346375
5.743835,4.856236,565.889465
5.746514,2.574188,565.486450
5.821975,0.184227,565.012146
5.924148,-2.540686,564.249878
5.958167,-5.860235,562.965515
5.926683,2.728817,560.886047
5.853866,-1.433534,558.470520
5.561051,4.129673,554.109436
4.906431,-4.279956,548.582031
3.978185,-1.428676,542.110962
3.001587,0.371688,534.872986
2.066438,2.881119,526.997375
0.907007,2.661562,518.715088
-0.545853,2.472722,510.169220
-2.257771,2.357244,501.648346
-3.962485,2.229101,493.237335
-5.565351,2.151223,485.024200
-7.000000,2.178755,477.320129
-7.000000,2.199851,470.270813
-7.000000,2.279023,464.031067
-7.000000,6.000000,459.922363
-7.000000,6.000000,455.771637
-7.000000,6.000000,453.032562
-7.000000,-5.159089,451.987671
-7.000000,-0.910559,452.756500
-7.000000,4.259740,455.301056
-7.000000,-1.537388,459.504974
-7.000000,-5.576905,465.176331
-7.000000,4.371413,472.120941
-7.000000,3.658448,480.260254
-7.000000,4.564486,489.475494
-6.929916,7.078946,499.686188
-6.672059,10.000000,510.874359
-6.163904,10.000000,523.001587
-5.231927,10.000000,535.945435
-3.860788,10.000000,549.405762
-2.145147,10.000000,563.178772
-0.211009,10.000000,577.027832
1.856676,10.000000,590.681152
3.981051,10.000000,603.899292
6.036195,10.000000,616.494324
7.000000,10.000000,628.231079
7.000000,10.000000,639.064270
7.000000,10.000000,648.818542
7.000000,10.000000,657.387024
7.000000,10.000000,664.614685
7.000000,10.000000,670.281311
7.000000,10.000000,674.233032
7.000000,10.000000,676.443604
7.000000,10.000000,676.968811
7.000000,10.000000,676.131836
7.000000,10.000000,674.264282
7.000000,9.968635,671.588745
7.000000,9.239709,668.143372
7.000000,7.456858,663.875671
7.000000,4.470405,658.684875
6.823218,0.080466,652.427307
6.388383,-5.930888,644.950073
5.723852,-0.050987,636.135132
4.772902,3.351290,625.891602
3.389818,6.000000,614.411682
1.472932,6.000000,601.905579
-0.647907,6.000000,588.625488
-2.972957,1.803477,574.881775
-5.289289,-2.946682,560.810181
-7.000000,6.000000,546.640808
-7.000000,1.106044,532.659119
-7.000000,-3.942079,519.181824
-7.000000,6.000000,506.476440
-7.000000,1.060014,494.756866
-7.000000,-3.658529,484.339142
-7.000000,6.000000,475.333374
-7.000000,1.661349,468.006256
-7.000000,-2.037071,462.699310
-7.000000,-1.182969,459.417480
-7.000000,-0.167152,458.356812
-7.000000,3.468937,459.461670
-7.000000,-5.454552,462.372192
-7.000000,0.764989,466.819336
-7.000000,-4.944105,472.486237
-7.000000,2.796206,479.074921
-7.000000,-0.464493,486.389923
-7.000000,-2.727545,494.217224
-7.000000,-4.024654,502.491058
-7.000000,-4.334332,511.206696
-7.000000,-3.588217,520.407349
-6.990214,-1.788140,530.060608
-6.753572,1.062839,540.130615
-6.214925,4.901480,550.525818
-5.418018,9.670315,561.169861
-4.700819,10.000000,572.117615
-4.121878,10.000000,583.388916
-3.472223,10.000000,595.054016
-2.472395,10.000000,607.044983
-0.871286,10.000000,619.200562
1.250026,10.000000,631.346436
3.587195,10.000000,643.439087
5.913433,10.000000,655.280884
7.000000,10.000000,666.699768
7.000000,10.000000,677.503662
7.000000,10.000000,687.457336
7.000000,10.000000,696.394348
7.000000,10.000000,704.103394
7.000000,10.000000,710.465942
7.000000,10.000000,715.279907
7.000000,10.000000,718.441650
7.000000,10.000000,719.928467
7.000000,10.000000,719.759216
7.000000,10.000000,718.029663
7.000000,9.863159,714.750305
7.000000,8.201477,709.885254
6.933272,4.572773,703.380005
6.517176,-1.165215,695.184021
5.677053,3.781408,685.238525
4.390449,6.000000,673.644104
2.627337,6.000000,660.698059
0.549061,6.000000,646.720215
-1.739000,6.000000,632.000793
-4.064752,1.530755,616.655579
-6.522540,-3.581153,600.736511
-7.000000,6.000000,585.144897
-7.000000,1.036325,570.355652
-7.000000,-3.532543,557.036987
-7.000000,6.000000,545.717407
-7.000000,1.905070,536.524048
-7.000000,-1.500487,529.320496
-7.000000,-0.647606,524.426086
-7.000000,0.287137,521.673828
-7.000000,3.760284,521.226990
-7.000000,-3.579651,523.205688
-7.000000,3.779968,527.338989
-7.000000,1.193771,533.612671
-7.000000,0.665427,541.499207
-6.948064,2.049745,550.742188
-6.788017,5.317141,561.223877
-6.289313,10.000000,572.714783
-5.375134,10.000000,584.978760
-4.044741,10.000000,597.809387
-2.267218,10.000000,610.941589
-0.058918,10.000000,623.886414
2.721920,10.000000,636.120300
5.737910,10.000000,647.058350
7.000000,10.000000,656.493225
7.000000,10.000000,664.221741
7.000000,10.000000,670.173828
7.000000,10.000000,674.738770
7.000000,10.000000,678.315125
7.000000,10.000000,681.283752
7.000000,10.000000,683.883362
7.000000,10.000000,686.147278
7.000000,10.000000,688.195801
7.000000,10.000000,689.943604
7.000000,10.000000,691.253235
7.000000,10.000000,692.003479
7.000000,10.000000,692.574036
7.000000,10.000000,692.752991
7.000000,10.000000,692.635132
7.000000,10.000000,692.370911
7.000000,10.000000,692.064453
7.000000,10.000000,691.781921
7.000000,10.000000,691.663208
7.000000,10.000000,691.704590
7.000000,10.000000,691.825867
7.000000,10.000000,691.971252
7.000000,10.000000,692.117126
7.000000,10.000000,692.264038
7.000000,10.000000,692.351074
7.000000,10.000000,692.362366
7.000000,10.000000,692.335083
7.000000,10.000000,692.208435
7.000000,10.000000,691.945068
7.000000,10.000000,691.560425
7.000000,10.000000,691.094543
7.000000,10.000000,690.536377
7.000000,10.000000,689.880676
7.000000,10.000000,689.136230
7.000000,9.971495,688.281616
7.000000,9.781895,687.312500
7.000000,9.458304,686.274109
7.000000,9.040541,685.209045
6.996807,8.610562,684.198242
6.954867,8.340647,683.406189
6.794999,8.569848,683.149597
6.504779,9.788414,683.872009
6.271781,10.000000,685.890503
6.398924,10.000000,689.423645
7.000000,10.000000,694.510925
7.000000,10.000000,701.274231
7.000000,10.000000,709.505737
7.000000,10.000000,719.010986
7.000000,10.000000,729.570435
7.000000,10.000000,740.896545
7.000000,10.000000,752.781982
7.000000,10.000000,764.985779
7.000000,10.000000,777.629150
7.000000,10.000000,789.984192
7.000000,10.000000,802.222473
7.000000,10.000000,814.032166
7.000000,10.000000,825.231934
7.000000,10.000000,835.793457
7.000000,10.000000,845.680542
7.000000,10.000000,854.565674
7.000000,10.000000,862.299866
7.000000,10.000000,868.763000
7.000000,10.000000,874.014648
7.000000,10.000000,878.079285
7.000000,10.000000,880.941833
7.000000,10.000000,882.705505
7.000000,10.000000,883.467224
7.000000,10.000000,883.435364
7.000000,10.000000,882.819580
7.000000,10.000000,881.905762
7.000000,10.000000,880.973450
7.000000,10.000000,880.256226
7.000000,10.000000,879.891357
7.000000,10.000000,880.008789
7.000000,10.000000,880.633057
7.000000,10.000000,881.782654
7.000000,10.000000,883.384277
7.000000,10.000000,885.355774
7.000000,10.000000,887.602112
7.000000,10.000000,890.042053
7.000000,10.000000,892.588257
7.000000,10.000000,895.149780
7.000000,10.000000,897.644714
7.000000,10.000000,900.044434
7.000000,10.000000,902.316101
7.000000,10.000000,904.437256
7.000000,10.000000,906.388489
7.000000,10.000000,908.214661
7.000000,10.000000,909.940552
7.000000,10.000000,911.613525
7.000000,10.000000,913.309387
7.000000,10.000000,915.059082
7.000000,10.000000,916.884644
7.000000,10.000000,918.801636
7.000000,10.000000,920.780579
7.000000,10.000000,922.807312
7.000000,10.000000,924.850464
7.000000,10.000000,926.854736
7.000000,10.000000,928.822021
7.000000,10.000000,930.793579
7.000000,10.000000,932.730835
7.000000,10.000000,934.611145
7.000000,10.000000,936.417419
7.000000,10.000000,938.157715
7.000000,10.000000,939.835693
7.000000,10.000000,941.437805
7.000000,10.000000,942.975708
7.000000,10.000000,944.498535
7.000000,10.000000,946.030762
7.000000,10.000000,947.596069
7.000000,10.000000,949.225220
7.000000,10.000000,950.946106
7.000000,10.000000,952.751465
7.000000,10.000000,954.621887
7.000000,10.000000,956.540771
7.000000,10.000000,958.500610
7.000000,10.000000,960.449097
7.000000,10.000000,962.352234
7.000000,10.000000,964.214417
7.000000,10.000000,966.021606
7.000000,10.000000,967.804810
7.000000,10.000000,969.549194
7.000000,10.000000,971.224182
7.000000,10.000000,972.803101
7.000000,10.000000,974.311951
7.000000,10.000000,975.783997
7.000000,10.000000,977.244019
7.000000,10.000000,978.731201
7.000000,10.000000,980.268066
7.000000,10.000000,981.848938
7.000000,10.000000,983.465454
7.000000,10.000000,985.132324
7.000000,10.000000,986.856201
7.000000,10.000000,988.620972
7.000000,10.000000,990.414001
7.000000,10.000000,992.219849
7.000000,10.000000,993.996216
7.000000,10.000000,995.723633
7.000000,10.000000,997.399292
7.000000,10.000000,998.632935
7.000000,10.000000,1000.264282
7.000000,10.000000,1001.887085
7.000000,10.000000,1003.499634
7.000000,10.000000,1005.122253
7.000000,10.000000,1006.748779
7.000000,10.000000,1008.346802
7.000000,10.000000,1009.928772
7.000000,10.000000,1011.488770
7.000000,10.000000,1013.040283
7.000000,10.000000,1014.617432
7.000000,10.000000,1016.224854
7.000000,10.000000,1017.853821
7.000000,10.000000,1019.487061
7.000000,10.000000,1021.126709
7.000000,10.000000,1022.752197
7.000000,10.000000,1024.361206
7.000000,10.000000,1025.946411
7.000000,10.000000,1027.537109
7.000000,10.000000,1029.145630
7.000000,10.000000,1031.175537
7.000000,10.000000,1032.418091
7.000000,10.000000,1034.110474
7.000000,10.000000,1035.817993
7.000000,10.000000,1037.502197
7.000000,10.000000,1039.140137
7.000000,10.000000,1040.730591
7.000000,10.000000,1042.232666
7.000000,10.000000,1043.619385
7.000000,10.000000,1044.939331
7.000000,10.000000,1046.256104
7.000000,10.000000,1047.609375
7.000000,10.000000,1049.011475
7.000000,10.000000,1050.471436
7.000000,10.000000,1051.980835
7.000000,10.000000,1053.565674
7.000000,10.000000,1055.191040
7.000000,10.000000,1056.798096
7.000000,10.000000,1058.317993
7.000000,10.000000,1059.676270
7.000000,10.000000,1060.803833
7.000000,10.000000,1061.697876
7.000000,10.000000,1062.385376
7.000000,10.000000,1062.859985
7.000000,10.000000,1063.167480
7.000000,10.000000,1063.360107
7.000000,10.000000,1063.474731
7.000000,10.000000,1063.559937
7.000000,10.000000,1063.647217
7.000000,10.000000,1063.781372
7.000000,10.000000,1063.944336
7.000000,10.000000,1064.150146
7.000000,10.000000,1064.358887
7.000000,10.000000,1064.530762
7.000000,10.000000,1064.612671
7.000000,10.000000,1064.634644
7.000000,10.000000,1064.620972
7.000000,10.000000,1064.569214
7.000000,10.000000,1064.441650
7.000000,10.000000,1064.231689
7.000000,10.000000,1063.928345
7.000000,10.000000,1063.517822
7.000000,10.000000,1063.051147
7.000000,10.000000,1062.538696
7.000000,10.000000,1061.967896
7.000000,10.000000,1061.332886
7.000000,10.000000,1060.662720
7.000000,10.000000,1059.990845
7.000000,10.000000,1059.326050
7.000000,10.000000,1058.665527
7.000000,10.000000,1057.981812
7.000000,10.000000,1057.234741
7.000000,10.000000,1056.461914
7.000000,10.000000,1055.670044
7.000000,10.000000,1054.729980
7.000000,10.000000,1053.543335
7.000000,10.000000,1052.013184
7.000000,10.000000,1050.118774
7.000000,10.000000,1047.892212
7.000000,10.000000,1045.388672
7.000000,10.000000,1042.706909
7.000000,10.000000,1039.884766
7.000000,10.000000,1036.983032
7.000000,10.000000,1034.052002
7.000000,10.000000,1031.096924
7.000000,10.000000,1028.090820
7.000000,10.000000,1024.946045
7.000000,10.000000,1021.646667
7.000000,9.919819,1018.174316
7.000000,9.479446,1014.517090
7.000000,8.723845,1010.753174
7.000000,7.781438,1007.013000
7.000000,6.660384,1003.304077
7.000000,5.431691,999.694092
7.000000,4.041695,996.127014
7.000000,2.423370,992.536682
7.000000,0.562089,988.910278
6.958177,-1.528111,985.263672
6.861700,-3.833299,981.611755
6.774016,6.000000,978.048950
6.708567,3.463080,974.577271
6.666163,0.761358,971.141846
6.597311,-2.109326,967.737488
6.540940,-5.235625,964.278992
6.523912,3.257088,960.583801
6.465999,-0.991805,956.444580
6.130414,6.000000,951.799011
5.426363,0.243239,946.703186
4.521703,6.000000,941.267883
3.591166,-0.796414,935.785034
2.652536,6.000000,930.592407
1.785553,-0.708583,925.833740
0.969169,6.000000,921.732056
0.230605,0.164730,918.359009
-0.405336,-4.983594,915.859924
-0.934611,2.826857,914.302612
-1.282341,-0.655320,913.672607
-1.434383,-3.293968,913.901489
-1.457860,-5.118162,914.908325
-1.370109,6.000000,916.566711
-1.144498,5.457261,918.658508
-0.811546,5.313258,921.012207
-0.486497,5.453068,923.501038
-0.199471,5.787374,926.031616
0.123544,6.166131,928.456482
0.527189,6.462203,930.658569
0.897914,6.596851,932.575562
1.142614,6.565520,934.220520
1.316848,6.309240,935.553162
1.491680,5.803501,936.568481
1.633916,5.085237,937.320923
1.727809,4.176368,937.847168
1.805441,3.099617,938.182556
1.871471,1.878489,938.361206
1.884134,0.575283,938.452637
1.870688,-0.732322,938.537048
1.900176,-2.031580,938.627197
1.977139,-3.316901,938.727966
2.052487,-4.538132,938.887085
2.136427,-5.716137,939.080139
2.254922,5.053303,939.197388
2.351035,3.658771,939.166138
2.342982,2.148276,939.027405
2.244734,0.606384,938.869202
2.189955,-0.920629,938.737366
2.261659,-2.452070,938.611084
2.393334,-4.017119,938.460815
2.460490,-5.649861,938.255737
2.417393,4.716877,937.999756
2.320943,2.952563,937.698914
2.250045,1.152418,937.383972
2.226008,-0.649940,937.087769
2.219816,-2.399787,936.862183
2.211477,-4.102220,936.697632
2.211461,-5.727667,936.619568
2.227533,4.837560,936.613953
2.281228,3.303913,936.633728
2.289456,1.853715,936.735535
2.290030,0.483144,936.911011
2.317766,-0.786708,937.175964
2.409858,-1.962430,937.518433
2.526121,-3.093394,937.885742
2.614650,-4.212038,938.245117
2.674383,-5.360993,938.556274
2.717912,5.701540,938.820435
2.769350,4.487018,939.038818
2.852667,3.206310,939.182373
2.934440,1.878176,939.273376
2.967966,0.514670,939.327087
2.978625,-0.915343,939.314941
2.992101,-2.409859,939.243286
2.999800,-3.952591,939.131409
3.012679,-5.535962,938.988647
3.028042,5.186831,938.825806
3.039078,3.517367,938.621521
3.008201,1.806004,938.390930
2.944876,0.102829,938.184326
2.874654,-1.528889,938.061523
2.834038,-3.054605,938.051208
2.798726,-4.385208,938.233032
2.725826,-5.375104,938.737122
2.707557,-5.948587,939.617615
2.852411,5.937817,940.867310
3.156987,6.257333,942.491394
3.452972,7.155338,944.582397
3.695938,8.840837,947.315857
4.107669,10.000000,950.963684
4.786152,10.000000,955.382202
5.712078,10.000000,960.528076
6.755242,10.000000,966.432556
7.000000,10.000000,973.227173
7.000000,10.000000,980.981384
7.000000,10.000000,989.518799
7.000000,10.000000,998.722534
7.000000,10.000000,1008.435486
7.000000,10.000000,1018.687439
7.000000,10.000000,1029.403198
7.000000,10.000000,1040.286011
7.000000,10.000000,1051.251709
7.000000,10.000000,1062.009155
7.000000,10.000000,1072.282104
7.000000,10.000000,1082.056641
7.000000,10.000000,1091.295776
7.000000,10.000000,1100.084106
7.000000,10.000000,1108.374756
7.000000,10.000000,1116.125122
7.000000,10.000000,1122.972778
7.000000,10.000000,1128.941040
7.000000,10.000000,1133.915161
7.000000,10.000000,1137.737427
7.000000,10.000000,1140.397583
7.000000,10.000000,1141.854980
7.000000,10.000000,1142.253174
7.000000,10.000000,1141.770752
7.000000,10.000000,1140.611816
7.000000,10.000000,1139.052490
7.000000,10.000000,1137.435669
7.000000,10.000000,1135.986816
7.000000,10.000000,1134.871094
7.000000,10.000000,1134.201294
7.000000,10.000000,1134.090454
7.000000,10.000000,1134.624878
7.000000,10.000000,1135.773804
7.000000,10.000000,1137.420898
7.000000,10.000000,1139.437012
7.000000,10.000000,1141.711914
7.000000,10.000000,1144.083374
7.000000,10.000000,1146.460693
7.000000,10.000000,1148.715332
7.000000,10.000000,1150.778809
7.000000,10.000000,1152.644287
7.000000,10.000000,1154.314209
7.000000,10.000000,1155.798584
7.000000,10.000000,1157.126343
7.000000,10.000000,1158.347534
7.000000,10.000000,1159.519531
7.000000,10.000000,1160.681885
7.000000,10.000000,1161.844238
7.000000,10.000000,1163.027832
7.000000,10.000000,1164.248657
7.000000,10.000000,1165.489014
7.000000,10.000000,1166.741211
7.000000,10.000000,1167.992432
7.000000,10.000000,1169.255249
7.000000,10.000000,1170.501343
7.000000,10.000000,1171.731689
7.000000,10.000000,1172.941528
7.000000,10.000000,1174.160889
7.000000,10.000000,1175.404175
7.000000,10.000000,1176.643677
7.000000,10.000000,1177.868652
7.000000,10.000000,1179.076294
7.000000,10.000000,1180.286987
7.000000,10.000000,1181.530273
7.000000,10.000000,1182.794434
7.000000,10.000000,1184.067261
7.000000,10.000000,1185.349731
7.000000,10.000000,1186.642334
7.000000,10.000000,1187.904419
7.000000,10.000000,1189.085205
7.000000,10.000000,1190.193359
7.000000,10.000000,1191.246826
7.000000,10.000000,1192.277100
7.000000,10.000000,1193.325928
7.000000,10.000000,1194.417480
7.000000,10.000000,1195.579712
7.000000,10.000000,1196.788940
7.000000,10.000000,1198.064697
7.000000,10.000000,1199.407471
7.000000,10.000000,1200.431396
7.000000,10.000000,1201.806030
7.000000,10.000000,1203.192139
7.000000,10.000000,1204.594604
7.000000,10.000000,1205.986938
7.000000,10.000000,1207.345947
7.000000,10.000000,1208.694946
7.000000,10.000000,1210.042603
7.000000,10.000000,1211.375122
7.000000,10.000000,1212.682739
7.000000,10.000000,1213.967651
7.000000,10.000000,1215.261597
7.000000,10.000000,1216.598999
7.000000,10.000000,1217.964600
7.000000,10.000000,1219.365356
7.000000,10.000000,1220.793701
7.000000,10.000000,1222.245605
7.000000,10.000000,1223.682983
7.000000,10.000000,1225.118774
7.000000,10.000000,1226.584839
7.000000,10.000000,1228.055664
7.000000,10.000000,1229.533691
7.000000,10.000000,1231.031616
7.000000,10.000000,1232.491455
7.000000,10.000000,1233.885376
7.000000,10.000000,1235.162964
7.000000,10.000000,1235.948853
7.000000,10.000000,1235.822632
7.000000,10.000000,1234.462891
7.000000,10.000000,1231.436035
7.000000,10.000000,1226.251221
7.000000,8.704203,1219.000610
6.889806,5.105899,1209.830200
6.272373,-0.579436,1199.036133
5.352414,4.007627,1187.034424
4.062132,-4.674490,1174.396240
2.636633,-1.110496,1161.682495
1.237545,1.001638,1149.149902
-0.114899,3.546049,1137.227539
-1.598858,6.000000,1126.343506
-2.922981,-3.044556,1116.552002
-4.079703,2.004052,1108.137573
-5.049498,-5.097254,1101.260986
-5.772189,1.805801,1096.020874
-6.359099,-2.359000,1092.691284
-6.669657,-4.873142,1091.155029
-6.560190,-5.838353,1091.207642
-6.032910,-5.477247,1092.540649
-5.360079,-3.926153,1094.946777
-4.558947,-1.484476,1098.073364
-3.534826,1.326635,1101.374878
-2.430410,4.123196,1104.471191
-1.543694,6.631803,1107.112305
-1.000960,8.731276,1109.207764
-0.582543,10.000000,1110.703125
-0.125218,10.000000,1111.550171
0.334490,10.000000,1111.774902
0.619338,9.897169,1111.500977
0.650656,9.525391,1110.962036
0.615307,8.979713,1110.286499
0.719489,8.420412,1109.637695
0.976862,7.921021,1109.084961
1.254488,7.523240,1108.663696
1.436063,7.314441,1108.450806
1.643722,7.319894,1108.458252
2.000427,7.446144,1108.582886
2.434520,7.636817,1108.764160
2.773945,7.920098,1109.026611
3.036560,8.358974,1109.426025
3.405542,8.863130,1109.866333
3.893233,9.318828,1110.235962
4.332342,9.644707,1110.459961
4.641719,9.716584,1110.426392
4.850199,9.479566,1110.096313
4.993840,8.974259,1109.526733
5.079970,8.346343,1108.872192
5.193678,7.683516,1108.222168
5.358868,7.061967,1107.650269
5.539365,6.556454,1107.224609
5.733266,6.209354,1106.977417
5.949396,6.124165,1106.998779
6.222080,6.271262,1107.244995
6.572917,6.626629,1107.680176
6.986813,7.175456,1108.278809
7.000000,7.843091,1108.959106
7.000000,8.556940,1109.646851
7.000000,9.297391,1110.322510
7.000000,10.000000,1110.967285
7.000000,10.000000,1111.565918
7.000000,10.000000,1112.135742
7.000000,10.000000,1112.680786
7.000000,10.000000,1113.203369
7.000000,10.000000,1113.670166
7.000000,10.000000,1114.115356
7.000000,10.000000,1114.483398
7.000000,10.000000,1114.772217
7.000000,10.000000,1114.982544
7.000000,10.000000,1115.125000
7.000000,10.000000,1115.214111
7.000000,10.000000,1115.240479
7.000000,10.000000,1115.241333
7.000000,10.000000,1115.231323
7.000000,10.000000,1115.224487
7.000000,10.000000,1115.246338
7.000000,10.000000,1115.319336
7.000000,10.000000,1115.445679
7.000000,10.000000,1115.634155
7.000000,10.000000,1115.862305
7.000000,10.000000,1116.099487
7.000000,10.000000,1116.325317
7.000000,10.000000,1116.526001
7.000000,10.000000,1116.655518
