0.000000,0.000000,0.000000
0.081857,0.915480,0.000000
0.081392,0.912591,0.000000
0.080622,0.908545,0.000000
0.079778,0.904650,0.000000
0.079129,0.901015,0.000000
0.078477,0.896646,0.000000
0.078166,0.894175,0.000000
0.077821,0.891150,0.000000
0.077614,0.888270,0.000000
0.077287,0.885208,0.000000
0.076796,0.882064,0.000000
0.076261,0.878925,0.000000
0.075859,0.875461,0.000000
0.075388,0.871508,0.000000
0.074863,0.867095,0.000000
0.074184,0.862204,0.000000
0.073267,0.856737,0.000000
0.072052,0.850931,0.000000
0.070936,0.845142,0.000000
0.069989,0.839508,0.000000
0.069120,0.834099,0.000000
0.068387,0.829045,0.000000
0.067816,0.824283,0.000000
0.067311,0.819620,0.000000
0.066926,0.814855,0.000000
0.066611,0.809625,0.000000
0.066047,0.803693,0.000000
0.064958,0.797052,0.000000
0.063631,0.789981,0.000000
0.062194,0.782673,0.000000
0.060783,0.775602,0.000000
0.059623,0.769216,0.000000
0.058707,0.763775,0.000000
0.058091,0.759493,0.000000
0.057814,0.756413,0.000000
0.057886,0.754294,0.000000
0.057969,0.752799,0.000000
0.057746,0.752035,0.000000
0.057298,0.752397,0.000000
0.056927,0.754106,0.000000
0.056668,0.758012,0.000000
0.056648,0.765290,0.000000
0.057172,0.777018,0.000000
0.058821,0.794231,0.000000
0.062048,0.817573,0.000000
0.067266,0.847889,0.000000
0.074451,0.885901,0.000000
0.084623,0.931843,0.000000
0.099619,0.985330,0.000000
0.121017,1.045999,0.000000
0.151285,1.111169,0.000000
0.193028,1.177136,0.000000
0.246338,1.240950,0.000000
0.316844,1.298524,0.000000
0.401760,1.345969,0.000000
0.491926,1.379235,0.000000
0.572348,1.399876,0.000000
0.578859,1.399744,0.000000
0.527695,1.385066,0.000000
0.444895,1.355628,0.000000
0.362529,1.312696,0.000000
0.292691,1.257043,0.000000
0.237520,1.189783,0.000000
0.192926,1.112490,0.000000
0.155906,1.026683,0.000000
0.124935,0.934352,0.000000
0.101125,0.836634,0.000000
0.081310,0.736053,0.000000
0.064362,0.634096,0.000000
0.048740,0.533465,0.000000
0.035006,0.435430,0.000000
0.024222,0.341877,0.000000
0.014229,0.258470,0.000000
0.004773,0.187474,0.000000
-0.003790,0.131786,0.000000
-0.011088,0.094297,0.000000
-0.014768,0.076052,0.000000
-0.014721,0.077746,0.000000
-0.012634,0.098260,0.000000
-0.009432,0.135127,0.000000
-0.004572,0.185162,0.000000
0.001205,0.245853,0.000000
0.007361,0.315798,0.000000
0.014411,0.394743,0.000000
0.023298,0.481256,0.000000
0.034999,0.574706,0.000000
0.049648,0.674243,0.000000
0.067902,0.779395,0.000000
0.091579,0.889734,0.000000
0.125342,1.003165,0.000000
0.176482,1.117552,0.000000
0.259793,1.228350,0.000000
0.401702,1.325464,0.000000
0.632411,1.400255,0.000000
0.971285,1.444167,0.000000
1.261420,1.458034,0.000000
1.327566,1.458083,0.000000
1.148836,1.450591,0.000000
0.847221,1.426191,0.000000
0.593423,1.377917,0.000000
0.421780,1.309934,0.000000
0.311704,1.225427,0.000000
0.237175,1.128664,0.000000
0.183840,1.020485,0.000000
0.142835,0.901921,0.000000
0.109415,0.775936,0.000000
0.080427,0.646169,0.000000
0.056497,0.515946,0.000000
0.037418,0.389055,0.000000
0.022648,0.268952,0.000000
0.009802,0.158760,0.000000
-0.000903,0.061966,0.000000
-0.010540,-0.017403,0.000000
-0.018219,-0.077225,0.000000
-0.023175,-0.115515,0.000000
-0.025322,-0.131588,0.000000
-0.025061,-0.127150,0.000000
-0.023326,-0.104571,0.000000
-0.020107,-0.067257,0.000000
-0.015206,-0.018497,0.000000
-0.009211,0.040268,0.000000
-0.002401,0.107248,0.000000
0.004940,0.181656,0.000000
0.012301,0.263462,0.000000
0.020708,0.353118,0.000000
0.031381,0.450051,0.000000
0.045158,0.553896,0.000000
0.062564,0.664717,0.000000
0.085019,0.781365,0.000000
0.114744,0.902847,0.000000
0.156356,1.028104,0.000000
0.222429,1.155003,0.000000
0.344524,1.280325,0.000000
0.624673,1.389545,0.000000
1.247455,1.450934,0.000000
1.909334,1.438811,0.000000
2.156082,1.412203,0.000000
2.185830,1.405211,0.000000
2.079667,1.418567,0.000000
1.797933,1.436612,0.000000
1.361430,1.436869,0.000000
0.915941,1.405592,0.000000
0.617347,1.342842,0.000000
0.436999,1.260616,0.000000
0.320616,1.160937,0.000000
0.244611,1.047614,0.000000
0.187445,0.922862,0.000000
0.141304,0.788194,0.000000
0.104535,0.647582,0.000000
0.073147,0.505229,0.000000
0.046992,0.365460,0.000000
0.027516,0.232020,0.000000
0.012059,0.108078,0.000000
0.001125,-0.005017,0.000000
-0.008886,-0.101554,0.000000
-0.019473,-0.179045,0.000000
-0.026883,-0.222262,0.000000
-0.034181,-0.256692,0.000000
-0.036366,-0.263065,0.000000
-0.034249,-0.241438,0.000000
-0.030493,-0.196723,0.000000
-0.025820,-0.133315,0.000000
-0.020435,-0.054130,0.000000
-0.013153,0.038706,0.000000
-0.003721,0.145234,0.000000
0.009887,0.263569,0.000000
0.030246,0.390677,0.000000
0.057717,0.522967,0.000000
0.091514,0.655361,0.000000
0.130471,0.783338,0.000000
0.174575,0.901658,0.000000
0.225533,1.006476,0.000000
0.290296,1.096722,0.000000
0.378732,1.174501,0.000000
0.510063,1.242919,0.000000
0.707956,1.301361,0.000000
0.966477,1.338921,0.000000
1.210443,1.353047,0.000000
1.352115,1.350704,0.000000
1.325141,1.344408,0.000000
1.156353,1.330546,0.000000
0.920075,1.298419,0.000000
0.700874,1.239478,0.000000
0.529074,1.159987,0.000000
0.405395,1.063712,0.000000
0.315870,0.957826,0.000000
0.247482,0.845638,0.000000
0.195411,0.728120,0.000000
0.153546,0.606512,0.000000
0.118185,0.482875,0.000000
0.086150,0.359174,0.000000
0.057584,0.237066,0.000000
0.032887,0.119763,0.000000
0.013333,0.006982,0.000000
-0.003080,-0.096182,0.000000
-0.018409,-0.187697,0.000000
-0.031351,-0.267122,0.000000
-0.042469,-0.332398,0.000000
-0.051712,-0.383737,0.000000
-0.059626,-0.420584,0.000000
-0.065736,-0.442659,0.000000
-0.069067,-0.453112,0.000000
-0.068672,-0.455140,0.000000
-0.064971,-0.452202,0.000000
-0.059935,-0.447603,0.000000
-0.055511,-0.444068,0.000000
-0.052497,-0.443776,0.000000
-0.052097,-0.446879,0.000000
-0.054664,-0.452624,0.000000
-0.058689,-0.459779,0.000000
-0.062251,-0.467881,0.000000
-0.064992,-0.475998,0.000000
-0.067198,-0.482864,0.000000
-0.069271,-0.487626,0.000000
-0.070842,-0.490284,0.000000
-0.071853,-0.490887,0.000000
-0.072507,-0.490324,0.000000
-0.072818,-0.488968,0.000000
-0.072771,-0.487313,0.000000
-0.072359,-0.486040,0.000000
-0.071664,-0.485592,0.000000
-0.070850,-0.486633,0.000000
-0.070321,-0.489569,0.000000
-0.070908,-0.493783,0.000000
-0.073152,-0.498531,0.000000
-0.075683,-0.503934,0.000000
-0.077531,-0.510082,0.000000
-0.078596,-0.516524,0.000000
-0.079688,-0.522769,0.000000
-0.080915,-0.528426,0.000000
-0.082243,-0.533270,0.000000
-0.083805,-0.537076,0.000000
-0.085277,-0.539609,0.000000
-0.086526,-0.540374,0.000000
-0.087225,-0.539303,0.000000
-0.086837,-0.536604,0.000000
-0.085481,-0.532775,0.000000
-0.083792,-0.528575,0.000000
-0.082321,-0.524473,0.000000
-0.081276,-0.521153,0.000000
-0.080645,-0.519121,0.000000
-0.080601,-0.518315,0.000000
-0.081107,-0.518728,0.000000
-0.081733,-0.520313,0.000000
-0.082276,-0.522805,0.000000
-0.082843,-0.525940,0.000000
-0.083586,-0.529296,0.000000
-0.084530,-0.532622,0.000000
-0.085526,-0.535776,0.000000
-0.086532,-0.538490,0.000000
-0.087279,-0.540603,0.000000
-0.087474,-0.542212,0.000000
-0.087175,-0.543500,0.000000
-0.086877,-0.544467,0.000000
-0.086934,-0.544768,0.000000
-0.087115,-0.544257,0.000000
-0.086626,-0.543282,0.000000
-0.084859,-0.541424,0.000000
-0.081807,-0.538180,0.000000
-0.077634,-0.533608,0.000000
-0.072364,-0.527462,0.000000
-0.066232,-0.519700,0.000000
-0.060222,-0.511190,0.000000
-0.055389,-0.502266,0.000000
-0.052093,-0.493469,0.000000
-0.050379,-0.485813,0.000000
-0.049608,-0.480063,0.000000
-0.049207,-0.477046,0.000000
-0.049236,-0.476673,0.000000
-0.049493,-0.478338,0.000000
-0.049545,-0.481550,0.000000
-0.049147,-0.485879,0.000000
-0.048564,-0.490321,0.000000
-0.048419,-0.493876,0.000000
-0.048632,-0.495988,0.000000
-0.048624,-0.496392,0.000000
-0.048000,-0.495555,0.000000
-0.047046,-0.493581,0.000000
-0.046250,-0.490463,0.000000
-0.045839,-0.486655,0.000000
-0.045688,-0.482182,0.000000
-0.045883,-0.476758,0.000000
-0.046585,-0.469667,0.000000
-0.047546,-0.459936,0.000000
-0.047463,-0.447296,0.000000
-0.045888,-0.431261,0.000000
-0.043185,-0.411432,0.000000
-0.039727,-0.388017,0.000000
-0.035674,-0.360877,0.000000
-0.030983,-0.330943,0.000000
-0.025562,-0.299600,0.000000
-0.020505,-0.266824,0.000000
-0.017270,-0.231711,0.000000
-0.014904,-0.194513,0.000000
-0.009926,-0.157528,0.000000
-0.002798,-0.122187,0.000000
0.001874,-0.088169,0.000000
0.002843,-0.053738,0.000000
0.003298,-0.018114,0.000000
0.005946,0.018653,0.000000
0.010406,0.057330,0.000000
0.015898,0.097854,0.000000
0.022017,0.139216,0.000000
0.027178,0.181215,0.000000
0.031369,0.224771,0.000000
0.036736,0.268276,0.000000
0.044840,0.310673,0.000000
0.055170,0.350167,0.000000
0.065207,0.385014,0.000000
0.073289,0.413606,0.000000
0.078299,0.434417,0.000000
0.081197,0.445954,0.000000
0.081573,0.448799,0.000000
0.080249,0.444153,0.000000
0.078372,0.432987,0.000000
0.076074,0.415999,0.000000
0.072655,0.393949,0.000000
0.067788,0.368340,0.000000
0.062119,0.340294,0.000000
0.056580,0.310803,0.000000
0.051284,0.281200,0.000000
0.046379,0.252148,0.000000
0.042100,0.224283,0.000000
0.037665,0.198575,0.000000
0.032956,0.176295,0.000000
0.028427,0.158876,0.000000
0.024750,0.147479,0.000000
0.022781,0.142758,0.000000
0.023308,0.144626,0.000000
0.026353,0.151387,0.000000
0.031212,0.160274,0.000000
0.036641,0.168590,0.000000
0.040994,0.173857,0.000000
0.042673,0.174334,0.000000
0.042057,0.169295,0.000000
0.040142,0.158418,0.000000
0.037696,0.141728,0.000000
0.034465,0.119919,0.000000
0.029995,0.094174,0.000000
0.024280,0.066746,0.000000
0.018219,0.039626,0.000000
0.012751,0.015002,0.000000
0.008555,-0.005485,0.000000
0.006172,-0.021460,0.000000
0.005395,-0.032071,0.000000
0.005668,-0.037216,0.000000
0.006847,-0.037293,0.000000
0.008609,-0.032457,0.000000
0.010871,-0.024223,0.000000
0.012848,-0.013640,0.000000
0.014077,-0.000934,0.000000
0.015656,0.012372,0.000000
0.018121,0.024923,0.000000
0.020584,0.035550,0.000000
0.022078,0.043149,0.000000
0.022449,0.046807,0.000000
0.022214,0.045532,0.000000
0.021148,0.039529,0.000000
0.019136,0.029736,0.000000
0.016395,0.017249,0.000000
0.013390,0.002849,0.000000
0.010213,-0.012220,0.000000
0.006746,-0.027126,0.000000
0.002909,-0.040971,0.000000
-0.001142,-0.052930,0.000000
-0.004639,-0.062449,0.000000
-0.007189,-0.069291,0.000000
-0.008877,-0.073525,0.000000
-0.009938,-0.075279,0.000000
-0.010295,-0.074944,0.000000
-0.009446,-0.073391,0.000000
-0.007335,-0.071732,0.000000
-0.004565,-0.071155,0.000000
-0.001745,-0.072142,0.000000
0.000281,-0.075235,0.000000
0.000922,-0.080235,0.000000
0.000459,-0.086287,0.000000
-0.000312,-0.092639,0.000000
-0.000650,-0.098522,0.000000
0.000307,-0.103796,0.000000
0.002109,-0.108053,0.000000
0.003419,-0.110433,0.000000
0.004248,-0.110678,0.000000
0.005453,-0.109221,0.000000
0.006989,-0.107023,0.000000
0.007999,-0.104601,0.000000
0.008260,-0.101853,0.000000
0.008295,-0.099423,0.000000
0.008322,-0.098153,0.000000
0.008239,-0.097907,0.000000
0.008249,-0.098791,0.000000
0.008470,-0.101076,0.000000
0.008415,-0.104768,0.000000
0.007778,-0.109528,0.000000
0.006648,-0.114953,0.000000
0.005381,-0.120753,0.000000
0.004313,-0.126319,0.000000
0.003567,-0.131398,0.000000
0.003039,-0.136035,0.000000
0.002790,-0.140220,0.000000
0.002672,-0.144265,0.000000
0.002509,-0.148169,0.000000
0.002053,-0.151769,0.000000
0.001499,-0.154967,0.000000
0.001208,-0.157879,0.000000
0.001282,-0.161090,0.000000
0.001482,-0.165656,0.000000
0.001319,-0.172747,0.000000
0.000802,-0.183665,0.000000
0.000032,-0.199952,0.000000
-0.001583,-0.222193,0.000000
-0.004721,-0.250367,0.000000
-0.008959,-0.283388,0.000000
-0.013260,-0.320419,0.000000
-0.017082,-0.360751,0.000000
-0.021806,-0.403442,0.000000
-0.028143,-0.447651,0.000000
-0.035733,-0.491962,0.000000
-0.043255,-0.536284,0.000000
-0.050059,-0.579867,0.000000
-0.056667,-0.621384,0.000000
-0.063341,-0.660129,0.000000
-0.069428,-0.695165,0.000000
-0.073158,-0.718848,0.000000
-0.079294,-0.751618,0.000000
-0.084684,-0.770329,0.000000
-0.089595,-0.780864,0.000000
-0.092372,-0.782632,0.000000
-0.092689,-0.775518,0.000000
-0.090784,-0.760032,0.000000
-0.087162,-0.736932,0.000000
-0.082813,-0.707102,0.000000
-0.078766,-0.670939,0.000000
-0.074664,-0.629032,0.000000
-0.069720,-0.581738,0.000000
-0.064016,-0.529213,0.000000
-0.057658,-0.471620,0.000000
-0.049956,-0.409354,0.000000
-0.040464,-0.344093,0.000000
-0.030052,-0.276928,0.000000
-0.019478,-0.208789,0.000000
-0.008880,-0.141373,0.000000
0.001500,-0.075988,0.000000
0.011131,-0.013443,0.000000
0.019407,0.044719,0.000000
0.026497,0.098315,0.000000
0.033034,0.146476,0.000000
0.039533,0.188500,0.000000
0.045978,0.223762,0.000000
0.051925,0.251019,0.000000
0.056322,0.269599,0.000000
0.058500,0.279353,0.000000
0.058593,0.280762,0.000000
0.056882,0.275159,0.000000
0.054003,0.264448,0.000000
0.051222,0.249797,0.000000
0.048939,0.231345,0.000000
0.046817,0.208990,0.000000
0.044154,0.182172,0.000000
0.040432,0.150196,0.000000
0.035677,0.112335,0.000000
0.030103,0.067932,0.000000
0.023577,0.016539,0.000000
0.015524,-0.041054,0.000000
0.005431,-0.103895,0.000000
-0.005099,-0.170775,0.000000
-0.015928,-0.240219,0.000000
-0.026233,-0.311761,0.000000
-0.036823,-0.384120,0.000000
-0.048263,-0.456153,0.000000
-0.060156,-0.526372,0.000000
-0.072166,-0.593296,0.000000
-0.083317,-0.656112,0.000000
-0.093904,-0.713229,0.000000
-0.104508,-0.763983,0.000000
-0.114884,-0.807052,0.000000
-0.124310,-0.840836,0.000000
-0.131019,-0.865050,0.000000
-0.134106,-0.878546,0.000000
-0.133634,-0.881373,0.000000
-0.131296,-0.874995,0.000000
-0.128501,-0.860608,0.000000
-0.124690,-0.839712,0.000000
-0.119220,-0.813779,0.000000
-0.112486,-0.783691,0.000000
-0.105069,-0.750467,0.000000
-0.097803,-0.714496,0.000000
-0.091510,-0.675758,0.000000
-0.085786,-0.634141,0.000000
-0.079829,-0.589849,0.000000
-0.073107,-0.542961,0.000000
-0.065636,-0.493991,0.000000
-0.057662,-0.443262,0.000000
-0.050591,-0.390712,0.000000
-0.044916,-0.336221,0.000000
-0.039655,-0.279385,0.000000
-0.033201,-0.220762,0.000000
-0.024209,-0.160969,0.000000
-0.013088,-0.101024,0.000000
-0.001372,-0.041174,0.000000
0.009816,0.017488,0.000000
0.020128,0.074062,0.000000
0.029441,0.127482,0.000000
0.038250,0.176552,0.000000
0.046728,0.220425,0.000000
0.054757,0.258010,0.000000
0.061902,0.288592,0.000000
0.067098,0.311281,0.000000
0.070141,0.325567,0.000000
0.071358,0.331455,0.000000
0.071046,0.329091,0.000000
0.069446,0.318990,0.000000
0.066715,0.301277,0.000000
0.063211,0.275888,0.000000
0.058727,0.242515,0.000000
0.052831,0.200935,0.000000
0.045290,0.150830,0.000000
0.036166,0.092652,0.000000
0.025377,0.027820,0.000000
0.013841,-0.042268,0.000000
0.002079,-0.116130,0.000000
-0.009075,-0.193329,0.000000
-0.019990,-0.273766,0.000000
-0.033462,-0.353195,0.000000
-0.049421,-0.429318,0.000000
-0.065806,-0.499065,0.000000
-0.079570,-0.559563,0.000000
-0.088460,-0.609959,0.000000
-0.093318,-0.650918,0.000000
-0.098008,-0.680584,0.000000
-0.102992,-0.699734,0.000000
-0.105983,-0.707576,0.000000
-0.106109,-0.703447,0.000000
-0.104413,-0.688319,0.000000
-0.101502,-0.662350,0.000000
-0.096094,-0.627797,0.000000
-0.089035,-0.585920,0.000000
-0.081886,-0.537514,0.000000
-0.074136,-0.483321,0.000000
-0.065138,-0.424698,0.000000
-0.055016,-0.362827,0.000000
-0.043907,-0.298602,0.000000
-0.031609,-0.234860,0.000000
-0.017280,-0.174218,0.000000
-0.002224,-0.119435,0.000000
0.009467,-0.072213,0.000000
0.015226,-0.033513,0.000000
0.017413,-0.003419,0.000000
0.018052,0.019287,0.000000
0.018182,0.036826,0.000000
0.019048,0.051379,0.000000
0.020640,0.063768,0.000000
0.022273,0.074569,0.000000
0.023591,0.084236,0.000000
0.025076,0.092394,0.000000
0.026781,0.098425,0.000000
0.027550,0.101735,0.000000
0.027823,0.104863,0.000000
0.027787,0.105242,0.000000
0.027275,0.103998,0.000000
0.026383,0.102072,0.000000
0.025485,0.099914,0.000000
0.024718,0.097804,0.000000
0.024050,0.096518,0.000000
0.023754,0.095991,0.000000
0.024111,0.095914,0.000000
0.024705,0.095974,0.000000
0.024932,0.096009,0.000000
0.024783,0.096114,0.000000
0.024726,0.095922,0.000000
0.024716,0.095322,0.000000
0.024686,0.094541,0.000000
0.024763,0.093310,0.000000
0.024828,0.091399,0.000000
0.024492,0.088898,0.000000
0.023778,0.085992,0.000000
0.023016,0.082637,0.000000
0.022477,0.078804,0.000000
0.022225,0.074535,0.000000
0.021991,0.069745,0.000000
0.021433,0.064392,0.000000
0.020353,0.058699,0.000000
0.019056,0.052855,0.000000
0.017773,0.047261,0.000000
0.016383,0.042682,0.000000
0.014506,0.040646,0.000000
0.012071,0.043348,0.000000
0.009973,0.052394,0.000000
0.009699,0.068936,0.000000
0.012436,0.093255,0.000000
0.017610,0.125836,0.000000
0.024583,0.165742,0.000000
0.033341,0.211958,0.000000
0.043721,0.263277,0.000000
0.055426,0.318181,0.000000
0.068011,0.375436,0.000000
0.081479,0.433815,0.000000
0.095348,0.493879,0.000000
0.109765,0.551763,0.000000
0.125069,0.607989,0.000000
0.140473,0.661227,0.000000
0.155875,0.710289,0.000000
0.170381,0.755127,0.000000
0.184199,0.795477,0.000000
0.197746,0.829660,0.000000
0.210365,0.857055,0.000000
0.220248,0.877555,0.000000
0.226298,0.891501,0.000000
0.229234,0.899266,0.000000
0.229946,0.901016,0.000000
0.228394,0.897451,0.000000
0.224900,0.889255,0.000000
0.219197,0.877488,0.000000
0.212238,0.863269,0.000000
0.205166,0.848123,0.000000
0.198845,0.833264,0.000000
0.193412,0.819853,0.000000
0.188906,0.808515,0.000000
0.185417,0.799737,0.000000
0.183122,0.793667,0.000000
0.182122,0.790306,0.000000
0.182209,0.789154,0.000000
0.182870,0.789814,0.000000
0.183868,0.791814,0.000000
0.185191,0.794718,0.000000
0.186731,0.798053,0.000000
0.188384,0.801380,0.000000
0.189899,0.804293,0.000000
0.190965,0.806639,0.000000
0.191544,0.808341,0.000000
0.191926,0.809308,0.000000
0.192115,0.809406,0.000000
0.191881,0.808886,0.000000
0.191275,0.807913,0.000000
0.190753,0.806712,0.000000
0.190307,0.805654,0.000000
0.189928,0.804878,0.000000
0.189695,0.804481,0.000000
0.189675,0.804508,0.000000
0.189800,0.804838,0.000000
0.190026,0.805393,0.000000
0.190310,0.806016,0.000000
0.190706,0.806444,0.000000
0.190959,0.806684,0.000000
0.191064,0.806931,0.000000
0.191112,0.807010,0.000000
0.191193,0.806802,0.000000
0.191205,0.806243,0.000000
0.190957,0.805388,0.000000
0.190524,0.804280,0.000000
0.189986,0.802818,0.000000
0.189279,0.801077,0.000000
0.188555,0.799364,0.000000
0.187979,0.797719,0.000000
0.187458,0.796237,0.000000
0.186982,0.795117,0.000000
0.186709,0.794490,0.000000
0.186700,0.794248,0.000000
0.186906,0.794306,0.000000
0.187146,0.794611,0.000000
0.187454,0.795113,0.000000
0.187701,0.795550,0.000000
0.187890,0.795771,0.000000
0.187966,0.795787,0.000000
0.187912,0.795523,0.000000
0.187771,0.795139,0.000000
0.187650,0.794577,0.000000
0.187586,0.793703,0.000000
0.187266,0.792401,0.000000
0.186609,0.790786,0.000000
0.185762,0.789065,0.000000
0.185081,0.787328,0.000000
0.184550,0.785750,0.000000
0.184038,0.784444,0.000000
0.183738,0.783402,0.000000
0.183596,0.782545,0.000000
0.183454,0.781950,0.000000
0.183220,0.781656,0.000000
0.183165,0.781554,0.000000
0.183296,0.781589,0.000000
0.183490,0.781699,0.000000
0.183623,0.781667,0.000000
0.183597,0.781376,0.000000
0.183332,0.780863,0.000000
0.183104,0.780248,0.000000
0.182876,0.779547,0.000000
0.182560,0.778835,0.000000
0.182382,0.778091,0.000000
0.182262,0.777372,0.000000
0.181974,0.776716,0.000000
0.181740,0.775956,0.000000
0.181583,0.775136,0.000000
0.181334,0.774204,0.000000
0.180919,0.773273,0.000000
0.180573,0.772524,0.000000
0.180382,0.771899,0.000000
0.180372,0.771370,0.000000
0.180332,0.770903,0.000000
0.180189,0.770456,0.000000
0.180018,0.769976,0.000000
0.179875,0.769424,0.000000
0.179726,0.768768,0.000000
0.179515,0.768152,0.000000
0.179246,0.767661,0.000000
0.179147,0.767234,0.000000
0.179104,0.766935,0.000000
0.179081,0.766850,0.000000
0.179153,0.766850,0.000000
0.179292,0.766732,0.000000
0.179379,0.766395,0.000000
0.179198,0.765834,0.000000
0.178910,0.764891,0.000000
0.178543,0.763382,0.000000
0.177960,0.761602,0.000000
0.177113,0.759857,0.000000
0.176411,0.758309,0.000000
0.176018,0.757026,0.000000
0.175924,0.756054,0.000000
0.175787,0.755346,0.000000
0.175628,0.755017,0.000000
0.175609,0.754903,0.000000
0.175859,0.754700,0.000000
0.176066,0.754088,0.000000
0.175948,0.752703,0.000000
0.175349,0.750265,0.000000
0.174301,0.746760,0.000000
0.172695,0.742319,0.000000
0.170944,0.736975,0.000000
0.169099,0.730928,0.000000
0.167049,0.724447,0.000000
0.164920,0.717730,0.000000
0.162799,0.710996,0.000000
0.160844,0.704401,0.000000
0.159060,0.698162,0.000000
0.157412,0.692207,0.000000
0.155966,0.686581,0.000000
0.154620,0.681060,0.000000
0.153302,0.675470,0.000000
0.151845,0.669562,0.000000
0.150137,0.663464,0.000000
0.148318,0.657330,0.000000
0.146715,0.651141,0.000000
0.145306,0.644669,0.000000
0.143750,0.637908,0.000000
0.141877,0.630825,0.000000
0.139885,0.623338,0.000000
0.137881,0.615699,0.000000
0.136058,0.607970,0.000000
0.134332,0.600103,0.000000
0.132388,0.592014,0.000000
0.130240,0.583872,0.000000
0.128154,0.575879,0.000000
0.126422,0.568025,0.000000
0.124887,0.560290,0.000000
0.123251,0.552565,0.000000
0.121466,0.544647,0.000000
0.119549,0.536719,0.000000
0.117750,0.528819,0.000000
0.116343,0.520308,0.000000
0.115009,0.510713,0.000000
0.112979,0.499567,0.000000
0.110030,0.486772,0.000000
0.106586,0.472503,0.000000
0.103219,0.457057,0.000000
0.099924,0.440865,0.000000
0.096555,0.424130,0.000000
0.093059,0.407191,0.000000
0.089559,0.390236,0.000000
0.086361,0.373312,0.000000
0.083497,0.356314,0.000000
0.080765,0.338784,0.000000
0.077699,0.320623,0.000000
0.074075,0.301785,0.000000
0.070351,0.282173,0.000000
0.066687,0.262138,0.000000
0.062946,0.242310,0.000000
0.059432,0.222753,0.000000
0.056112,0.203802,0.000000
0.053206,0.185154,0.000000
0.050439,0.166506,0.000000
0.047504,0.147766,0.000000
0.044284,0.128988,0.000000
0.040973,0.110244,0.000000
0.037907,0.091993,0.000000
0.035183,0.074262,0.000000
0.032773,0.056747,0.000000
0.030394,0.039447,0.000000
0.028218,0.021968,0.000000
0.026324,0.003398,0.000000
0.024421,-0.017272,0.000000
0.021362,-0.040405,0.000000
0.016716,-0.065870,0.000000
0.011359,-0.093069,0.000000
0.006162,-0.120635,0.000000
0.001222,-0.146947,0.000000
-0.003103,-0.171107,0.000000
-0.006934,-0.192116,0.000000
-0.010146,-0.209627,0.000000
-0.012732,-0.222764,0.000000
-0.014683,-0.231292,0.000000
-0.015695,-0.235215,0.000000
-0.015721,-0.234794,0.000000
-0.015089,-0.230495,0.000000
-0.013991,-0.222826,0.000000
-0.012286,-0.212884,0.000000
-0.010144,-0.201562,0.000000
-0.008139,-0.189462,0.000000
-0.006453,-0.177104,0.000000
-0.004724,-0.165189,0.000000
-0.002687,-0.154315,0.000000
-0.000874,-0.144861,0.000000
0.000241,-0.136735,0.000000
0.000923,-0.130159,0.000000
0.001586,-0.125176,0.000000
0.002074,-0.121516,0.000000
0.002301,-0.119003,0.000000
0.002423,-0.117455,0.000000
0.002501,-0.116702,0.000000
0.002289,-0.116400,0.000000
0.001947,-0.116150,0.000000
0.001818,-0.115895,0.000000
0.001934,-0.115601,0.000000
0.002051,-0.115007,0.000000
0.002169,-0.114209,0.000000
0.002441,-0.113779,0.000000
0.002643,-0.114088,0.000000
0.002374,-0.114927,0.000000
0.001652,-0.115883,0.000000
0.001147,-0.116712,0.000000
0.001288,-0.117536,0.000000
0.001737,-0.118464,0.000000
0.001881,-0.119652,0.000000
0.001450,-0.121051,0.000000
0.000759,-0.122729,0.000000
0.000221,-0.124462,0.000000
-0.000054,-0.126135,0.000000
-0.000227,-0.127466,0.000000
-0.000387,-0.128474,0.000000
-0.000487,-0.129098,0.000000
-0.000513,-0.129324,0.000000
-0.000355,-0.129431,0.000000
-0.000415,-0.129159,0.000000
-0.000519,-0.128485,0.000000
-0.000504,-0.127391,0.000000
-0.000180,-0.125892,0.000000
0.000265,-0.124249,0.000000
0.000543,-0.122645,0.000000
0.000670,-0.121242,0.000000
0.000709,-0.120082,0.000000
0.000771,-0.119171,0.000000
0.000988,-0.118610,0.000000
0.001199,-0.118315,0.000000
0.001164,-0.118198,0.000000
0.001016,-0.118380,0.000000
0.000904,-0.118898,0.000000
0.000772,-0.119596,0.000000
0.000693,-0.120476,0.000000
0.000622,-0.121444,0.000000
0.000527,-0.122631,0.000000
0.000233,-0.123935,0.000000
-0.000213,-0.125138,0.000000
-0.000697,-0.125954,0.000000
-0.001002,-0.126211,0.000000
-0.001282,-0.125553,0.000000
-0.001721,-0.123343,0.000000
-0.001910,-0.119269,0.000000
-0.001290,-0.113367,0.000000
0.000100,-0.105584,0.000000
0.001432,-0.095521,0.000000
0.002396,-0.082271,0.000000
0.004284,-0.060619,0.000000
0.007082,-0.038968,0.000000
0.010937,-0.013686,0.000000
0.015201,0.015349,0.000000
0.019348,0.048755,0.000000
0.023872,0.086885,0.000000
0.030178,0.128871,0.000000
0.038693,0.174117,0.000000
0.048254,0.221722,0.000000
0.057319,0.271739,0.000000
0.066471,0.323775,0.000000
0.076990,0.376229,0.000000
0.089219,0.428592,0.000000
0.102253,0.479377,0.000000
0.115036,0.527133,0.000000
0.126548,0.571584,0.000000
0.136794,0.612665,0.000000
0.146589,0.650796,0.000000
0.156993,0.685595,0.000000
0.168121,0.717035,0.000000
0.178448,0.743344,0.000000
0.186649,0.764624,0.000000
0.192147,0.780495,0.000000
0.195610,0.790349,0.000000
0.197660,0.794355,0.000000
0.197847,0.792438,0.000000
0.195264,0.785417,0.000000
0.190191,0.774340,0.000000
0.184179,0.760272,0.000000
0.178211,0.744548,0.000000
0.172543,0.728911,0.000000
0.167371,0.714419,0.000000
0.163007,0.701812,0.000000
0.159684,0.691613,0.000000
0.157440,0.684292,0.000000
0.156088,0.680282,0.000000
0.155957,0.679348,0.000000
0.156966,0.680832,0.000000
0.158775,0.684108,0.000000
0.160676,0.688613,0.000000
0.162492,0.693501,0.000000
0.164188,0.698314,0.000000
0.165783,0.702451,0.000000
0.167257,0.705572,0.000000
0.168051,0.707656,0.000000
0.168164,0.708754,0.000000
0.168086,0.708950,0.000000
0.167877,0.708357,0.000000
0.167487,0.707253,0.000000
0.166953,0.705947,0.000000
0.166396,0.704606,0.000000
0.165978,0.703312,0.000000
0.165677,0.702139,0.000000
0.165409,0.701162,0.000000
0.165201,0.700310,0.000000
0.165008,0.699512,0.000000
0.164812,0.698725,0.000000
0.164608,0.698028,0.000000
0.164431,0.697240,0.000000
0.164269,0.696397,0.000000
0.164022,0.695492,0.000000
0.163692,0.694640,0.000000
0.163453,0.693932,0.000000
0.163346,0.693197,0.000000
0.163333,0.692404,0.000000
0.163113,0.691556,0.000000
0.162819,0.690949,0.000000
0.162414,0.690108,0.000000
0.162316,0.689585,0.000000
0.162354,0.689094,0.000000
0.162287,0.688685,0.000000
0.162145,0.688351,0.000000
0.162054,0.687856,0.000000
0.162057,0.686964,0.000000
0.161779,0.685766,0.000000
0.161151,0.684312,0.000000
0.160540,0.682777,0.000000
0.160073,0.681377,0.000000
0.159772,0.680196,0.000000
0.159534,0.679391,0.000000
0.159359,0.678794,0.000000
0.159281,0.678545,0.000000
0.159312,0.678629,0.000000
0.159476,0.678768,0.000000
0.159681,0.679012,0.000000
0.159809,0.679285,0.000000
0.159910,0.679637,0.000000
0.160038,0.679949,0.000000
0.160223,0.680078,0.000000
0.160213,0.680170,0.000000
0.160150,0.680244,0.000000
0.160160,0.680257,0.000000
0.160270,0.680145,0.000000
0.160194,0.679917,0.000000
0.159994,0.679745,0.000000
0.159904,0.679772,0.000000
0.160042,0.679932,0.000000
0.160221,0.680267,0.000000
0.160386,0.680728,0.000000
0.160509,0.681308,0.000000
0.160768,0.681796,0.000000
0.160928,0.682263,0.000000
0.160939,0.682890,0.000000
0.161012,0.683524,0.000000
0.161317,0.684163,0.000000
0.161626,0.684893,0.000000
0.161855,0.685436,0.000000
0.162037,0.685644,0.000000
0.162203,0.685304,0.000000
0.162794,0.682595,0.000000
0.163256,0.675582,0.000000
0.161449,0.662753,0.000000
0.156938,0.642116,0.000000
0.150157,0.611428,0.000000
0.140813,0.571133,0.000000
0.128377,0.522026,0.000000
0.113802,0.465559,0.000000
0.098813,0.403820,0.000000
0.083547,0.339319,0.000000
0.069644,0.274684,0.000000
0.057364,0.211219,0.000000
0.046569,0.150860,0.000000
0.036207,0.095786,0.000000
0.027381,0.046186,0.000000
0.020009,0.003483,0.000000
0.013977,-0.031629,0.000000
0.009522,-0.058524,0.000000
0.005984,-0.075914,0.000000
0.003949,-0.084343,0.000000
0.004006,-0.084731,0.000000
0.006142,-0.078641,0.000000
0.008911,-0.067074,0.000000
0.012068,-0.051729,0.000000
0.016088,-0.035313,0.000000
0.020359,-0.019792,0.000000
0.023421,-0.006514,0.000000
0.024633,0.004101,0.000000
0.025089,0.011691,0.000000
0.025668,0.016024,0.000000
0.026262,0.017235,0.000000
0.026058,0.015909,0.000000
0.024624,0.013211,0.000000
0.022871,0.009763,0.000000
0.021874,0.006415,0.000000
0.021693,0.003502,0.000000
0.021696,0.001223,0.000000
0.021228,-0.000024,0.000000
0.020855,-0.000139,0.000000
0.021217,0.000331,0.000000
0.021995,0.001091,0.000000
0.022319,0.002263,0.000000
0.022183,0.004119,0.000000
0.022503,0.006207,0.000000
0.023429,0.007968,0.000000
0.024114,0.009019,0.000000
0.024138,0.008845,0.000000
0.023634,0.007205,0.000000
0.022829,0.004326,0.000000
0.021780,0.000997,0.000000
0.020886,-0.002320,0.000000
0.020308,-0.005300,0.000000
0.019848,-0.007578,0.000000
0.019498,-0.008924,0.000000
0.019264,-0.008994,0.000000
0.019310,-0.007962,0.000000
0.019754,-0.005959,0.000000
0.020488,-0.003132,0.000000
0.021349,0.000164,0.000000
0.022109,0.003477,0.000000
0.022650,0.006747,0.000000
0.023144,0.009887,0.000000
0.023595,0.012758,0.000000
0.023973,0.015495,0.000000
0.024432,0.018108,0.000000
0.024899,0.020598,0.000000
0.025254,0.022830,0.000000
0.025510,0.024926,0.000000
0.025749,0.026650,0.000000
0.025971,0.027975,0.000000
0.026110,0.028904,0.000000
0.026196,0.029493,0.000000
0.026186,0.029806,0.000000
0.026157,0.029797,0.000000
0.026134,0.029673,0.000000
0.026041,0.029474,0.000000
0.025933,0.029301,0.000000
0.025898,0.029259,0.000000
0.025914,0.029465,0.000000
0.025929,0.029929,0.000000
0.026018,0.030698,0.000000
0.026216,0.031693,0.000000
0.026527,0.032709,0.000000
0.026795,0.033693,0.000000
0.026961,0.034560,0.000000
0.027043,0.035066,0.000000
