0.000000,0.000000,0.000000
0.247701,2.712743,0.200063
0.247371,2.694622,0.188497
0.238670,2.677367,0.180093
0.235073,2.679753,0.190718
0.240584,2.678609,0.197688
0.240758,2.674202,0.203425
0.240890,2.675399,0.210534
0.243049,2.681338,0.223818
0.249885,2.671702,0.221532
0.245711,2.654088,0.211433
0.233584,2.644783,0.209409
0.235174,2.626981,0.198757
0.242492,2.592199,0.172413
0.240012,2.558096,0.147915
0.226720,2.522627,0.123186
0.222552,2.480428,0.092640
0.208082,2.434419,0.059245
0.201242,2.407684,0.045290
0.200026,2.395890,0.046545
0.203575,2.389852,0.053619
0.204165,2.387666,0.064165
0.205161,2.392905,0.081539
0.210903,2.386205,0.086609
0.210457,2.374461,0.086555
0.212497,2.348546,0.072936
0.210487,2.302047,0.040231
0.194945,2.246032,-0.000661
0.173569,2.196495,-0.034402
0.166393,2.158486,-0.055960
0.161016,2.130425,-0.067114
0.158915,2.132891,-0.048273
0.160760,2.153346,-0.012695
0.166534,2.190439,0.037501
0.172143,2.238418,0.096066
0.184094,2.283556,0.149229
0.194963,2.317681,0.189505
0.190952,2.343021,0.219261
0.173237,2.386568,0.264431
0.163371,2.446301,0.322074
0.164390,2.530295,0.400360
0.151893,2.678383,0.536792
0.150768,2.891932,0.729730
0.165125,3.168803,0.974758
0.202028,3.519472,1.280969
0.251125,3.915933,1.620023
0.300868,4.366973,2.000033
0.350121,4.871416,2.418763
0.423246,5.413533,2.864291
0.537476,5.951771,3.304423
0.695413,6.430151,3.693927
0.898070,6.782043,3.988998
1.086151,6.948171,4.159785
1.238624,6.925567,4.222936
1.369182,6.728080,4.240158
1.504619,6.214431,4.077023
1.710137,5.395174,3.702438
1.870443,4.229151,2.973364
1.763209,3.330833,2.112979
1.491472,2.554530,1.056885
1.149328,1.852592,-0.068170
0.871337,1.232017,-1.053506
0.657563,0.579005,-1.943660
0.426003,-0.097369,-2.726664
0.182500,-0.754345,-3.389997
0.020306,-1.349394,-3.913831
-0.060888,-1.884649,-4.316569
-0.084382,-2.393548,-4.637249
-0.163002,-2.792032,-4.813547
-0.271369,-3.106263,-4.882261
-0.331020,-3.319831,-4.840354
-0.400982,-3.367824,-4.627596
-0.352375,-3.296447,-4.296937
-0.379159,-3.022337,-3.786635
-0.405396,-2.554549,-3.114280
-0.402323,-1.873657,-2.270512
-0.328342,-1.044445,-1.330456
-0.151897,-0.095709,-0.327210
0.028274,0.874503,0.637856
0.092062,1.852174,1.553693
0.157059,2.710596,2.301409
0.253666,3.450870,2.892849
0.278452,4.126165,3.389495
0.296920,4.782320,3.841925
0.354289,5.440902,4.273861
0.439541,6.054907,4.645164
0.558799,6.668019,5.005287
0.620855,7.284774,5.364919
0.688401,7.842343,5.668192
0.810564,8.373162,5.959244
0.968313,8.849100,6.239444
1.160084,9.219189,6.507227
1.484585,9.232861,6.618086
2.038141,8.678321,6.573171
2.557697,7.490692,6.585369
3.352744,5.287757,6.420153
3.960029,2.850826,5.685503
4.060463,0.935245,4.127251
3.200432,0.328180,2.515983
2.233800,0.253704,0.627541
1.359490,0.066099,-1.049307
0.856280,-0.487106,-2.463702
0.466396,-1.114531,-3.486214
0.170371,-1.826326,-4.321966
0.003973,-2.649883,-5.100098
-0.182957,-3.433213,-5.726258
-0.389743,-4.060653,-6.120352
-0.519317,-4.545632,-6.322132
-0.532519,-4.860066,-6.318034
-0.530102,-5.013250,-6.135937
-0.485993,-4.927669,-5.716046
-0.533053,-4.688146,-5.159733
-0.468228,-4.165706,-4.351773
-0.476901,-3.431225,-3.378469
-0.355062,-2.619961,-2.384102
-0.245293,-1.625833,-1.271352
-0.123903,-0.591713,-0.187079
-0.005940,0.400573,0.791463
0.062116,1.285334,1.606279
0.155926,2.061955,2.267744
0.242002,2.736574,2.792902
0.284489,3.384769,3.262857
0.340074,3.968144,3.645628
0.381271,4.573793,4.031522
0.384178,5.180280,4.399677
0.441358,5.817664,4.780472
0.571383,6.477671,5.170546
0.665975,7.127998,5.543015
0.752282,7.757592,5.892022
0.849475,8.357570,6.220993
0.952498,8.964073,6.583449
1.080529,9.549062,6.982662
1.304314,9.971504,7.356235
1.934785,10.047333,7.729350
2.767776,9.600421,8.656965
4.964223,6.411093,9.155282
6.337332,1.988108,7.493067
6.503400,-0.677585,5.194322
6.716216,-2.713593,3.161906
5.955642,-3.441141,2.348682
5.025218,-3.258713,1.910950
3.926631,-2.277506,1.043054
2.219451,-1.054758,-0.278488
1.299168,-0.973998,-1.926920
0.752798,-1.490808,-3.316698
0.335471,-2.236174,-4.443895
-0.031026,-2.957741,-5.245895
-0.222765,-3.865375,-6.069541
-0.437887,-4.635401,-6.643403
-0.674960,-5.128431,-6.857857
-0.772321,-5.480761,-6.881627
-0.743192,-5.703349,-6.747015
-0.619463,-5.695789,-6.372437
-0.650920,-5.497459,-5.817760
-0.463210,-5.166669,-5.151636
-0.490048,-4.574231,-4.266872
-0.569747,-3.788220,-3.240728
-0.531256,-3.015454,-2.330985
-0.396555,-1.767779,-0.971836
-0.061161,-0.374284,0.443081
0.061303,1.060429,1.809120
0.140747,2.201098,2.808986
0.194183,3.265762,3.675900
0.241229,4.218011,4.383686
0.355755,5.186768,5.069131
0.510817,6.187062,5.749742
0.761497,7.061881,6.279029
1.016453,7.786786,6.650736
1.248004,8.337110,6.861323
1.329153,8.658369,6.880186
1.297954,8.719498,6.695197
1.322674,8.465288,6.271256
1.358367,8.080730,5.812992
1.252254,7.775750,5.565012
1.351378,7.591324,5.620305
2.047908,7.326642,5.893005
3.153977,6.834944,6.407795
4.150051,5.732725,6.755741
4.412169,3.520256,5.887417
4.116000,1.621565,4.698098
3.927486,0.048742,2.980033
2.879967,-0.839557,1.206795
1.908013,-1.296394,-0.556737
1.214190,-1.720606,-2.164563
0.549653,-2.078214,-3.325923
0.093396,-2.546170,-4.220129
-0.217788,-2.973175,-4.811862
-0.364363,-3.443009,-5.281178
-0.506729,-3.922828,-5.641480
-0.679194,-4.365490,-5.885334
-0.796996,-4.770905,-6.038619
-0.992170,-5.061332,-6.042144
-0.966016,-5.268244,-5.937333
-0.901622,-5.330483,-5.677763
-0.830321,-5.343726,-5.364392
-0.827364,-5.072648,-4.783214
-0.807304,-4.742026,-4.168667
-0.674622,-4.360020,-3.533929
-0.608906,-3.844812,-2.806180
-0.551414,-3.313225,-2.104047
-0.479282,-2.655007,-1.320308
-0.356998,-2.052686,-0.640342
-0.199744,-1.573410,-0.123503
-0.023855,-1.230108,0.225785
0.068206,-1.051208,0.390614
0.068401,-1.019753,0.401078
0.052913,-1.125621,0.278444
-0.039246,-1.300733,0.098620
-0.194642,-1.467716,-0.059085
-0.323783,-1.602986,-0.172951
-0.351834,-1.675237,-0.217369
-0.313521,-1.729026,-0.240779
-0.292980,-1.723254,-0.205532
-0.284685,-1.654116,-0.111522
-0.275989,-1.558440,0.002184
-0.242352,-1.467164,0.104111
-0.204908,-1.383641,0.190946
-0.177040,-1.330753,0.242916
-0.176907,-1.308553,0.261185
-0.163986,-1.296148,0.268214
-0.157422,-1.322212,0.237509
-0.155338,-1.374206,0.183139
-0.156090,-1.459432,0.100151
-0.185397,-1.557756,0.010518
-0.264921,-1.613981,-0.031403
-0.318527,-1.665232,-0.064329
-0.303749,-1.709873,-0.088091
-0.272008,-1.762137,-0.117966
-0.265614,-1.781276,-0.114824
-0.277414,-1.774253,-0.086079
-0.281096,-1.769708,-0.061484
-0.290405,-1.732888,-0.007059
-0.304679,-1.690794,0.049650
-0.302703,-1.626793,0.124033
-0.291536,-1.528772,0.226381
-0.254220,-1.445578,0.307125
-0.205118,-1.351279,0.392084
-0.162699,-1.306997,0.421951
-0.156566,-1.287213,0.425663
-0.167068,-1.295384,0.402087
-0.176716,-1.338854,0.346376
-0.204650,-1.398904,0.278855
-0.231149,-1.459351,0.215741
-0.253973,-1.521242,0.155906
-0.256916,-1.579163,0.104002
-0.258546,-1.623830,0.068178
-0.262378,-1.656566,0.046406
-0.274194,-1.668630,0.046284
-0.280222,-1.679512,0.047555
-0.285341,-1.676021,0.062733
-0.284098,-1.654168,0.094875
-0.267163,-1.631614,0.125391
-0.242183,-1.611893,0.150629
-0.225306,-1.604067,0.162199
-0.240390,-1.583566,0.185402
-0.269324,-1.546107,0.223923
-0.262410,-1.509399,0.259238
-0.226855,-1.479923,0.284822
-0.207706,-1.405374,0.350722
-0.186833,-1.326846,0.414229
-0.133833,-1.239137,0.481017
-0.060497,-1.144683,0.547970
-0.004819,-1.055008,0.603862
0.016408,-1.001355,0.621735
-0.001051,-0.980378,0.607527
-0.049753,-0.984115,0.571367
-0.090416,-1.032681,0.496303
-0.107278,-1.132687,0.377146
-0.122055,-1.265355,0.234445
-0.155165,-1.384609,0.114056
-0.177242,-1.473737,0.030514
-0.174201,-1.560055,-0.045633
-0.166615,-1.606080,-0.078593
-0.180845,-1.598127,-0.057490
-0.195325,-1.548069,0.003534
-0.187442,-1.476618,0.081922
-0.151197,-1.396870,0.162928
-0.110976,-1.341141,0.215143
-0.098526,-1.277769,0.270972
-0.103597,-1.221610,0.316235
-0.115146,-1.184659,0.340673
-0.132804,-1.131850,0.379255
-0.157889,-1.058056,0.436314
-0.186626,-0.928102,0.544983
-0.176727,-0.757200,0.686629
-0.107235,-0.563800,0.840244
-0.047117,-0.332617,1.019152
0.008930,-0.084791,1.201641
0.051261,0.163122,1.372487
0.086857,0.431800,1.552354
0.147801,0.610870,1.633979
0.199218,0.761175,1.682655
0.154735,0.956318,1.773033
0.064303,1.184097,1.891131
0.122534,1.360632,1.952804
0.306847,1.404436,1.881687
0.336752,1.430542,1.798127
0.160084,1.508093,1.772105
0.017050,1.653997,1.814752
0.088722,1.815196,1.869360
0.209584,1.999001,1.943375
0.284750,2.218354,2.048163
0.337447,2.414465,2.125608
0.350478,2.558728,2.150376
0.287129,2.744281,2.215610
0.265616,2.939799,2.286967
0.375459,3.037081,2.262354
0.505232,3.081852,2.192547
0.589486,3.005794,2.014818
0.534375,2.832510,1.755185
0.439311,2.589308,1.442677
0.354208,2.216449,1.019132
0.276615,1.761691,0.536748
0.182934,1.396249,0.164037
0.170441,1.009656,-0.211700
0.185049,0.664336,-0.528939
0.160046,0.332522,-0.817017
0.093330,0.032503,-1.060433
0.031855,-0.193945,-1.221577
-0.006455,-0.378714,-1.334251
-0.036922,-0.500799,-1.378988
-0.060265,-0.575376,-1.374622
-0.067524,-0.610038,-1.330598
-0.078230,-0.623109,-1.267043
-0.121362,-0.546661,-1.119531
-0.147207,-0.420554,-0.931724
-0.144815,-0.197876,-0.660765
-0.087670,0.086503,-0.344849
0.009753,0.411118,-0.007289
0.142361,0.722447,0.298798
0.261218,0.935504,0.493467
0.339711,1.005763,0.540180
0.350672,0.940059,0.453156
0.277445,0.756556,0.256799
0.153584,0.485241,-0.014973
0.055864,0.180400,-0.305682
0.026684,-0.147243,-0.603042
0.000171,-0.475266,-0.884124
-0.058526,-0.781354,-1.128502
-0.142242,-1.008704,-1.282627
-0.206260,-1.127142,-1.322458
-0.219116,-1.146675,-1.263368
-0.189715,-1.051155,-1.095583
-0.128800,-0.893168,-0.876853
-0.058184,-0.698210,-0.634230
0.010858,-0.445618,-0.349926
0.048961,-0.192605,-0.081593
0.096176,0.047912,0.159024
0.132355,0.289325,0.385853
0.159380,0.440793,0.512667
0.128027,0.592917,0.633307
0.110408,0.716251,0.719014
0.159886,0.748709,0.712178
0.194977,0.725633,0.652231
0.172539,0.636064,0.531632
0.112040,0.484148,0.357591
0.067348,0.271413,0.134180
0.036816,0.019383,-0.114145
-0.018582,-0.214866,-0.330920
-0.061902,-0.411483,-0.498967
-0.106345,-0.576765,-0.627658
-0.104706,-0.695593,-0.704025
-0.121695,-0.734407,-0.698123
-0.145943,-0.749296,-0.668470
-0.169173,-0.727981,-0.605428
-0.170673,-0.646682,-0.487710
-0.134292,-0.548470,-0.360256
-0.094005,-0.442225,-0.232864
-0.057523,-0.333483,-0.110960
-0.028748,-0.215174,0.012897
0.005333,-0.122554,0.104580
0.064340,-0.071027,0.151217
0.120740,-0.092684,0.124084
0.139703,-0.164462,0.049977
0.134314,-0.252646,-0.035841
0.078607,-0.376972,-0.151331
0.004896,-0.469738,-0.229254
-0.045494,-0.529439,-0.270696
-0.057396,-0.554886,-0.276882
-0.025385,-0.535252,-0.239492
0.049924,-0.507396,-0.196104
0.060656,-0.451991,-0.128515
0.024105,-0.358995,-0.028830
0.030854,-0.250006,0.080615
0.071753,-0.182783,0.143089
0.079557,-0.152748,0.166068
0.052758,-0.132697,0.178585
0.029040,-0.119129,0.183897
0.032341,-0.149122,0.146663
0.029227,-0.209226,0.082771
0.025782,-0.252165,0.039125
0.037531,-0.320865,-0.026946
0.044584,-0.405484,-0.104834
0.022050,-0.485800,-0.174153
-0.016080,-0.542692,-0.216674
-0.036515,-0.594124,-0.251564
-0.032858,-0.609396,-0.249091
-0.023280,-0.609050,-0.231731
-0.012735,-0.591264,-0.198480
-0.003665,-0.583870,-0.177009
0.009434,-0.581512,-0.162028
0.010148,-0.584061,-0.152424
-0.000995,-0.592576,-0.149187
-0.017276,-0.579943,-0.125571
-0.009350,-0.571426,-0.107224
0.006820,-0.575903,-0.102838
0.025150,-0.616427,-0.133777
0.022556,-0.728128,-0.231899
0.000761,-0.902800,-0.385244
-0.012507,-1.163523,-0.612969
-0.035057,-1.503199,-0.903364
-0.102752,-1.870327,-1.202694
-0.201650,-2.238200,-1.483563
-0.249517,-2.559880,-1.702133
-0.230463,-2.853083,-1.879164
-0.250450,-3.118881,-2.018300
-0.313625,-3.338438,-2.102008
-0.389094,-3.527278,-2.147068
-0.438497,-3.642756,-2.115086
-0.404604,-3.770899,-2.093982
-0.401578,-3.848777,-2.024308
-0.460818,-3.821245,-1.854508
-0.457404,-3.800149,-1.698377
-0.419207,-3.720977,-1.495831
-0.398438,-3.614448,-1.306046
-0.454131,-3.339664,-0.913287
-0.453258,-3.033477,-0.535301
-0.421118,-2.635730,-0.092931
-0.349555,-2.190878,0.363578
-0.248239,-1.740260,0.791645
-0.164759,-1.276816,1.200603
-0.099564,-0.858039,1.536816
-0.079062,-0.439439,1.850066
-0.077572,-0.023055,2.141899
-0.029050,0.369065,2.391672
0.043308,0.782637,2.645189
0.085985,1.209801,2.895754
0.157259,1.632018,3.126058
0.287956,2.005481,3.293336
0.377151,2.326279,3.399473
0.443543,2.605068,3.460440
0.499765,2.816686,3.455134
0.529427,2.963439,3.391307
0.538198,3.030682,3.258302
0.511698,3.044681,3.084557
0.445977,2.998628,2.867100
0.403330,2.907935,2.620908
0.405899,2.745486,2.320811
0.430722,2.574146,2.031439
0.410642,2.307888,1.668165
0.382675,1.977097,1.264139
0.302126,1.590485,0.828499
0.208522,1.168987,0.381361
0.091623,0.772664,-0.018853
0.041748,0.451299,-0.325913
0.006481,0.203097,-0.546269
0.032225,-0.031365,-0.741405
0.057335,-0.267664,-0.926917
0.046709,-0.546572,-1.143514
0.001433,-0.867622,-1.389483
-0.068322,-1.235028,-1.667035
-0.131587,-1.666972,-1.991741
-0.184530,-2.140942,-2.338513
-0.274414,-2.648710,-2.697145
-0.396577,-3.097366,-2.976130
-0.524861,-3.530909,-3.220922
-0.543669,-3.894534,-3.379602
-0.596394,-4.196523,-3.464480
-0.585764,-4.511054,-3.551560
-0.628187,-4.730867,-3.536865
-0.714704,-4.893956,-3.461071
-0.726950,-4.987236,-3.316040
-0.760849,-4.975310,-3.071718
-0.730387,-4.939986,-2.814672
-0.677990,-4.805139,-2.474249
-0.687431,-4.613440,-2.094903
-0.729213,-4.338651,-1.655914
-0.671205,-3.974172,-1.158363
-0.574153,-3.523122,-0.611173
-0.449191,-3.032753,-0.068382
-0.364683,-2.531063,0.441776
-0.315059,-2.060171,0.885881
-0.298151,-1.634821,1.256569
-0.230260,-1.299025,1.513851
-0.152063,-0.988031,1.726343
-0.088186,-0.720210,1.879912
-0.051023,-0.479168,1.995935
-0.053724,-0.230684,2.111867
-0.075326,0.010537,2.214586
-0.057088,0.284103,2.342532
0.009786,0.556235,2.461256
0.092802,0.819183,2.562693
0.158891,1.048025,2.624008
0.196661,1.272735,2.676946
0.174197,1.542593,2.772503
0.131569,1.795066,2.848000
0.178243,2.077069,2.947792
0.307327,2.337865,3.021770
0.458940,2.553239,3.047693
0.558348,2.726565,3.033579
0.591366,2.883719,3.007411
0.580189,2.977678,2.925731
0.552536,3.018460,2.800791
0.513363,3.001767,2.630743
0.505701,2.900548,2.391533
0.544985,2.758058,2.128395
0.525397,2.535882,1.805375
0.452023,2.272396,1.461839
0.377062,1.917112,1.047982
0.281796,1.529302,0.623454
0.227922,1.127122,0.206184
0.170528,0.717402,-0.197298
0.118855,0.303786,-0.584472
0.075509,-0.126160,-0.967726
0.034106,-0.595052,-1.368780
-0.040069,-1.098506,-1.782096
-0.141910,-1.635093,-2.205223
-0.247626,-2.218592,-2.650132
-0.363413,-2.764621,-3.032345
-0.484199,-3.271086,-3.352400
-0.544371,-3.714602,-3.589566
-0.584983,-4.085337,-3.737672
-0.576901,-4.469245,-3.884017
-0.667171,-4.795637,-3.958085
-0.854592,-4.934424,-3.839983
-0.955732,-4.963675,-3.613667
-0.977191,-4.739816,-3.147407
-0.792647,-4.466500,-2.659691
-0.521044,-4.094930,-2.110549
-0.510052,-3.678508,-1.552287
-0.516664,-3.255943,-1.024201
-0.463440,-2.810328,-0.506430
-0.358430,-2.239716,0.095656
-0.277847,-1.665974,0.656004
-0.226952,-1.045970,1.222956
-0.143652,-0.446037,1.732129
-0.018771,0.042775,2.098180
0.017319,0.535259,2.442354
0.060073,0.995301,2.734338
0.164283,1.396147,2.949522
0.270106,1.768873,3.123198
0.370781,2.102568,3.249255
0.478674,2.350919,3.285181
0.611443,2.464934,3.191429
0.768414,2.415423,2.947030
0.732623,2.243072,2.602173
0.488595,1.986336,2.200916
0.244883,1.640113,1.739111
0.125744,1.297891,1.307966
0.085050,1.090093,1.033286
0.086504,0.944563,0.836111
0.128517,0.860378,0.709206
0.149272,0.824032,0.636715
0.146715,0.770131,0.551463
0.135755,0.755441,0.508766
0.166842,0.666980,0.396837
0.159171,0.577464,0.290202
0.124195,0.521338,0.224656
0.091992,0.403948,0.098234
0.084427,0.317734,0.010903
0.056260,0.255419,-0.047950
0.040799,0.226214,-0.071817
0.046628,0.216553,-0.075453
0.046457,0.225145,-0.060925
0.048713,0.273491,-0.009016
0.081915,0.303871,0.022819
0.107488,0.317485,0.036765
0.107139,0.317661,0.036940
0.084384,0.323092,0.042334
0.074350,0.311690,0.030581
0.084829,0.296199,0.015637
0.079474,0.275225,-0.003585
0.081516,0.263295,-0.013239
0.088137,0.227645,-0.045267
0.079811,0.191023,-0.076283
0.056432,0.157956,-0.102126
0.040442,0.129006,-0.122763
0.045613,0.093382,-0.148758
0.057844,0.058453,-0.172586
0.065610,0.024344,-0.194235
0.060646,-0.018781,-0.223366
0.033407,-0.058272,-0.247262
0.008862,-0.089190,-0.261667
0.000708,-0.106713,-0.262229
-0.003141,-0.097923,-0.237165
-0.019029,-0.036022,-0.161953
-0.054487,0.132579,0.012421
-0.077771,0.421916,0.293452
-0.037193,0.796333,0.640726
0.077035,1.244367,1.039573
0.234382,1.694415,1.418150
0.345778,2.197986,1.827184
0.448722,2.662758,2.177905
0.532519,3.087761,2.473435
0.624382,3.470347,2.715792
0.685061,3.789875,2.889678
0.746254,4.065966,3.018803
0.779199,4.263890,3.072685
0.839982,4.594001,3.260152
0.859796,4.522608,3.058607
0.864163,4.624147,3.041955
0.898656,4.570843,2.884439
0.911842,4.522118,2.747891
0.883986,4.416371,2.567905
0.864720,4.309342,2.400379
0.888316,4.063936,2.112447
0.900607,3.800257,1.822677
0.849295,3.490523,1.496616
0.760918,3.212449,1.206217
0.720724,2.914848,0.900646
0.697295,2.620184,0.604374
0.658550,2.355056,0.342203
0.590544,2.113756,0.108110
0.516976,1.924991,-0.072067
0.479055,1.793468,-0.192690
0.474882,1.733605,-0.239040
0.471898,1.737872,-0.218861
0.469449,1.790519,-0.150431
0.472975,1.876395,-0.050520
0.485944,1.990570,0.074794
0.513146,2.115356,0.207744
0.543169,2.234768,0.332473
0.565801,2.339990,0.440707
0.574175,2.419415,0.520370
0.586759,2.482407,0.581318
0.600313,2.527677,0.623294
0.611325,2.548549,0.640478
0.614153,2.551224,0.639844
0.610177,2.529293,0.615244
0.601656,2.505890,0.589277
0.595939,2.475480,0.556473
0.597084,2.436607,0.516390
0.589128,2.392066,0.472155
0.571383,2.366143,0.446799
0.567433,2.339055,0.420299
0.574391,2.337888,0.420505
0.569855,2.344565,0.428430
0.567654,2.359495,0.444137
0.570151,2.379736,0.464665
0.577547,2.400066,0.484873
0.578987,2.415896,0.500269
0.579665,2.424883,0.508576
0.587974,2.427655,0.510669
0.594489,2.415950,0.499070
0.589922,2.406956,0.490221
0.574257,2.410829,0.493806
0.582923,2.396127,0.479051
0.586363,2.381629,0.465278
0.582137,2.362933,0.447943
0.570741,2.343483,0.429823
0.567311,2.329765,0.417513
0.564633,2.305463,0.395171
0.556120,2.290001,0.381863
0.558208,2.285280,0.379190
0.562872,2.290279,0.386499
0.558114,2.294665,0.392968
0.557751,2.315012,0.414662
0.561192,2.338850,0.439238
0.570753,2.357315,0.458257
0.575633,2.374439,0.475817
0.575286,2.384821,0.486135
0.575146,2.392555,0.493530
0.580146,2.383080,0.483700
0.579648,2.367667,0.468287
0.572419,2.359160,0.459953
0.565866,2.344557,0.445830
0.564379,2.343488,0.445285
0.572536,2.329104,0.431903
0.574476,2.308446,0.413155
0.555406,2.281314,0.388243
0.541717,2.265124,0.374091
0.542372,2.256162,0.366903
0.549916,2.253469,0.366489
0.548322,2.262892,0.378236
0.549983,2.273110,0.390181
0.558670,2.278690,0.397438
0.559310,2.285810,0.406228
0.552492,2.304356,0.425815
0.551791,2.313175,0.434702
0.561212,2.327813,0.449432
0.565867,2.329989,0.451885
0.563253,2.329165,0.451327
0.558324,2.318362,0.440963
0.556118,2.303664,0.426897
0.549997,2.291613,0.415352
0.553572,2.284571,0.409164
0.550758,2.282600,0.408257
0.547679,2.276373,0.402881
0.553536,2.276382,0.404197
0.546787,2.278573,0.407793
0.545922,2.273564,0.403581
0.552677,2.265027,0.396241
0.549009,2.260544,0.393306
0.544001,2.251508,0.385840
0.537432,2.253195,0.388653
0.540655,2.260716,0.397047
0.548603,2.266406,0.403731
0.549640,2.270175,0.408750
0.546323,2.269880,0.409472
0.542698,2.269685,0.409972
0.543251,2.267275,0.408261
0.543886,2.258248,0.400182
0.543440,2.252112,0.395231
0.534285,2.257836,0.401879
0.539868,2.259694,0.404201
0.549159,2.262736,0.408011
0.544768,2.270392,0.416274
0.544699,2.279739,0.425765
0.552374,2.280773,0.426994
0.552790,2.268652,0.415527
0.542398,2.255903,0.403825
0.534398,2.241538,0.390334
0.538861,2.214370,0.364678
0.536696,2.186630,0.339610
0.522163,2.174152,0.329893
0.511100,2.173603,0.331327
0.517516,2.183160,0.342785
0.533379,2.193375,0.355078
0.539489,2.203326,0.367141
0.529492,2.219397,0.384574
0.527948,2.238730,0.404286
0.542805,2.240530,0.406314
0.552077,2.230244,0.397178
0.545242,2.198529,0.367491
0.534236,2.146548,0.318564
0.516461,2.085253,0.261629
0.493075,2.025242,0.207413
0.482931,1.963734,0.152578
0.477679,1.901731,0.099138
0.466817,1.856842,0.064368
0.454275,1.819246,0.037527
0.444694,1.793741,0.023265
0.439394,1.778812,0.019745
0.435660,1.773805,0.026310
0.435635,1.772967,0.036668
0.437084,1.766521,0.041112
0.437004,1.767361,0.052567
0.434032,1.753554,0.049408
0.429013,1.731002,0.037795
0.419317,1.694756,0.013022
0.402474,1.670792,0.000501
0.398081,1.652065,-0.006865
0.408188,1.626705,-0.020161
0.407156,1.592982,-0.040610
0.384379,1.558426,-0.061407
0.372367,1.518728,-0.087135
0.367458,1.479971,-0.111042
0.360380,1.457790,-0.117903
0.363434,1.426756,-0.132906
0.356126,1.396334,-0.146643
0.338575,1.361028,-0.165033
0.325739,1.343698,-0.165596
0.325872,1.325714,-0.166959
0.335590,1.312306,-0.163310
0.332050,1.291742,-0.166665
0.320751,1.266952,-0.174373
0.310069,1.232015,-0.191907
0.295795,1.213038,-0.193592
0.306378,1.184519,-0.204579
0.320266,1.113613,-0.255566
0.302415,1.022407,-0.323788
0.255845,0.902185,-0.418000
0.210780,0.786761,-0.504371
0.200450,0.671237,-0.587427
0.200999,0.576644,-0.645951
0.184723,0.497876,-0.686184
0.168226,0.429166,-0.714633
0.150281,0.372598,-0.730175
0.141910,0.328717,-0.732591
0.138707,0.279529,-0.739634
0.147161,0.214071,-0.761996
0.129377,0.134197,-0.796847
0.096742,0.039644,-0.844662
0.067761,-0.053736,-0.889605
0.062981,-0.142010,-0.926931
0.045598,-0.213486,-0.945748
0.031179,-0.256684,-0.936447
0.034486,-0.289527,-0.916915
0.034113,-0.318466,-0.894621
0.034983,-0.361450,-0.886587
0.026682,-0.424703,-0.898400
0.004026,-0.485046,-0.906795
-0.019481,-0.543391,-0.912845
-0.025152,-0.600587,-0.917494
-0.017306,-0.614781,-0.880102
-0.011629,-0.650869,-0.865680
-0.010338,-0.691651,-0.856221
-0.015346,-0.742448,-0.857137
-0.016546,-0.805507,-0.869527
0.001209,-0.944286,-0.954209
-0.032200,-1.127718,-1.077182
-0.119139,-1.338784,-1.220186
-0.203384,-1.514250,-1.319970
-0.231173,-1.650183,-1.374167
-0.239308,-1.711588,-1.351920
-0.222170,-1.701047,-1.260747
-0.220232,-1.658478,-1.143566
-0.198703,-1.534008,-0.953676
-0.173184,-1.402229,-0.767001
-0.148983,-1.210458,-0.533711
-0.119681,-1.003792,-0.299804
-0.067324,-0.789713,-0.073081
-0.022661,-0.581788,0.133578
0.004800,-0.385676,0.316164
0.033661,-0.213544,0.464220
0.070734,-0.094253,0.552196
0.087813,-0.007041,0.603747
0.076782,0.054811,0.627806
0.070123,0.095074,0.629804
0.089159,0.091400,0.589302
0.104858,0.059036,0.523223
0.082599,0.021351,0.456313
0.047596,-0.024578,0.385527
0.043250,-0.086878,0.303240
0.042043,-0.148627,0.226306
0.030724,-0.196236,0.167556
0.021817,-0.245156,0.111031
0.017922,-0.285253,0.066258
0.013893,-0.317083,0.032148
-0.000591,-0.326829,0.021571
-0.000551,-0.328209,0.019562
0.013975,-0.324250,0.022804
0.019651,-0.318040,0.028091
0.015741,-0.297082,0.047229
0.024617,-0.294690,0.047194
0.032889,-0.326421,0.014080
0.016453,-0.365699,-0.024341
-0.013118,-0.382065,-0.038103
-0.025936,-0.385999,-0.038924
-0.001884,-0.381029,-0.031294
0.029430,-0.380304,-0.028151
0.032908,-0.401198,-0.046424
0.007774,-0.414350,-0.056069
-0.019086,-0.433459,-0.070834
-0.024354,-0.448082,-0.080174
-0.012121,-0.449021,-0.075716
-0.004423,-0.446582,-0.068157
-0.002811,-0.430336,-0.047850
-0.001160,-0.421641,-0.036070
-0.000397,-0.400077,-0.012594
0.009114,-0.387972,0.000199
0.010654,-0.379770,0.008660
-0.000179,-0.358716,0.028923
0.000573,-0.332191,0.053463
0.012336,-0.307606,0.074761
0.025026,-0.289259,0.088485
0.027428,-0.279005,0.093644
0.019738,-0.281649,0.086087
0.012662,-0.290224,0.073260
0.010648,-0.298460,0.061530
0.015097,-0.307446,0.049792
0.020008,-0.324936,0.030541
0.018510,-0.337900,0.016619
0.003493,-0.343942,0.010240
0.003048,-0.366857,-0.012079
0.002712,-0.381194,-0.024824
0.002317,-0.388617,-0.030105
0.004208,-0.397645,-0.036469
0.001866,-0.405878,-0.041772
0.000515,-0.422223,-0.054522
-0.011018,-0.430395,-0.058676
-0.016618,-0.422287,-0.046792
-0.014875,-0.401298,-0.023172
-0.008332,-0.369046,0.009967
-0.012369,-0.308480,0.068660
-0.019012,-0.212371,0.158296
0.005986,-0.106405,0.252086
0.055786,0.003979,0.344519
0.082324,0.127463,0.444184
0.067148,0.290809,0.576963
0.061516,0.504200,0.750420
0.124703,0.803515,0.984591
0.194884,1.060216,1.176289
0.250124,1.309700,1.350306
0.263981,1.599197,1.553855
0.266834,1.927360,1.783952
0.324084,2.284585,2.030224
0.443137,2.572359,2.197588
0.551772,2.858084,2.356331
0.583651,3.116631,2.484323
0.571430,3.375840,2.608662
0.583974,3.611037,2.706373
0.690099,3.759744,2.721211
0.748090,3.910801,2.744701
0.818086,3.962754,2.678931
0.770149,3.917724,2.528295
0.719464,3.876309,2.391690
0.689482,3.842697,2.272515
0.716737,3.808445,2.162171
0.773515,3.748698,2.038783
0.837791,3.616409,1.855576
0.815508,3.432458,1.633673
0.725063,3.236204,1.407841
0.668054,2.985488,1.134242
0.658202,2.711455,0.846474
0.659027,2.422949,0.554262
0.597802,2.121081,0.257425
0.482461,1.865129,0.010827
0.403327,1.648365,-0.193607
0.390616,1.485904,-0.338631
0.389757,1.391863,-0.410449
0.373818,1.381947,-0.396881
0.365760,1.418755,-0.337505
0.378233,1.496957,-0.238887
0.403418,1.594639,-0.123890
0.415863,1.738800,0.033186
0.439501,1.893528,0.194753
0.484914,2.034614,0.337865
0.528423,2.147349,0.449251
0.545567,2.234236,0.532217
0.542747,2.291696,0.582971
0.541804,2.315153,0.598634
0.542632,2.312844,0.588498
0.550611,2.278728,0.548034
0.547577,2.232055,0.497263
0.521197,2.186804,0.448833
0.509819,2.137814,0.397424
0.507454,2.097940,0.356878
0.505761,2.058977,0.318858
0.495005,2.035610,0.297250
0.487010,2.027673,0.291219
0.492796,2.022836,0.288324
0.496869,2.022351,0.290008
0.497032,2.030703,0.300519
0.494095,2.033231,0.304805
0.495604,2.037173,0.310346
0.498220,2.039138,0.313813
0.494437,2.039008,0.315152
0.492758,2.041276,0.318647
0.494359,2.028353,0.307243
0.496003,2.026977,0.307559
0.488870,2.023318,0.305542
0.487880,2.025169,0.308707
0.487162,2.026352,0.311065
0.497494,2.019950,0.306226
0.494261,2.014412,0.302618
0.485078,2.011976,0.301753
0.481000,2.012409,0.302986
0.485111,2.019643,0.311337
0.494404,2.025584,0.318340
0.500911,2.025181,0.319245
0.486861,2.029320,0.324236
0.486435,2.028378,0.323785
0.494684,2.012029,0.308447
0.491497,1.988082,0.286715
0.475751,1.969713,0.270658
0.465345,1.953897,0.256965
0.472034,1.951683,0.257122
0.477022,1.959407,0.267224
0.479316,1.967728,0.277772
0.476471,1.984596,0.296084
0.483404,1.996730,0.309296
0.484235,2.014129,0.327130
0.486459,2.028215,0.341081
0.494408,2.028574,0.341477
0.490762,2.030297,0.343071
0.486883,2.036389,0.348784
0.489317,2.040594,0.352351
0.496094,2.036151,0.347433
0.493452,2.025821,0.337213
0.482771,2.027161,0.338303
0.483646,2.026336,0.337146
0.492199,2.021045,0.331847
0.490398,2.012154,0.323492
0.480581,2.007243,0.318968
0.475721,2.015320,0.327006
0.486104,2.026084,0.337490
0.493976,2.035034,0.346367
0.497707,2.042359,0.353279
0.491811,2.051128,0.361289
0.493245,2.053869,0.362880
0.500413,2.050971,0.359376
0.490242,2.053367,0.360990
0.487079,2.063741,0.369835
0.496886,2.064530,0.369223
0.506322,2.066321,0.370147
0.500856,2.072641,0.375386
0.501543,2.054998,0.356938
0.496764,2.039574,0.341430
0.511109,1.992707,0.295795
0.556560,1.817244,0.128432
0.541967,1.533210,-0.137175
0.425757,1.175173,-0.467621
0.339787,0.656313,-0.945282
0.276832,0.030392,-1.508857
0.100729,-0.537420,-1.993387
-0.078259,-1.106775,-2.459469
-0.182705,-1.616403,-2.845444
-0.254303,-1.992373,-3.078411
-0.352300,-2.263413,-3.192871
-0.357790,-2.402502,-3.167212
-0.346693,-2.517372,-3.113658
-0.350315,-2.453951,-2.884973
-0.369682,-2.328054,-2.604822
-0.310940,-2.177378,-2.312092
-0.269141,-1.963488,-1.973726
-0.215862,-1.676795,-1.583244
-0.175966,-1.298353,-1.124460
-0.118402,-0.911637,-0.685263
-0.044612,-0.469275,-0.217248
0.073803,-0.113575,0.139597
0.153714,0.201904,0.436375
0.173740,0.494405,0.693825
0.219430,0.667208,0.820511
0.274099,0.719654,0.823876
0.264543,0.678864,0.737019
0.191703,0.589795,0.608874
0.119704,0.482080,0.470085
0.105094,0.349316,0.315133
0.121746,0.200389,0.153567
0.107547,0.050621,0.000292
0.048345,-0.059882,-0.106348
-0.010283,-0.112713,-0.151357
-0.003825,-0.142227,-0.170838
0.042186,-0.135224,-0.154042
0.072535,-0.117329,-0.127604
0.062958,-0.082619,-0.086207
0.039183,-0.029898,-0.029829
0.064695,0.018757,0.019166
0.102001,0.036145,0.035175
0.105399,0.049079,0.045878
0.072282,0.086682,0.080046
0.067615,0.121011,0.108931
0.109055,0.120881,0.102684
0.124617,0.105924,0.082585
0.098975,0.063269,0.036871
0.064957,-0.006495,-0.032383
0.045336,-0.091308,-0.112407
0.030138,-0.142553,-0.155232
0.021663,-0.166386,-0.169312
0.034962,-0.166749,-0.159935
0.042814,-0.149056,-0.133481
0.046761,-0.112212,-0.089933
0.049971,-0.064050,-0.037806
0.056726,0.001784,0.028242
0.074975,0.053883,0.077303
0.094416,0.111023,0.128544
0.106206,0.151461,0.160662
0.113050,0.172000,0.171518
0.105742,0.186197,0.175999
0.096711,0.189614,0.169835
0.100325,0.187313,0.158346
0.098482,0.186335,0.148975
0.097485,0.186020,0.140664
0.104189,0.185335,0.132355
0.103461,0.184280,0.124044
0.098131,0.178189,0.111452
0.095706,0.175955,0.103108
0.096422,0.164081,0.086214
0.092827,0.146749,0.065030
0.092180,0.131423,0.047005
0.087111,0.117210,0.031080
0.082818,0.102170,0.015124
0.080603,0.089361,0.002338
0.082662,0.084729,-0.001935
0.075992,0.084131,-0.001959
0.079928,0.081482,-0.004112
0.083020,0.096270,0.010795
0.086265,0.105408,0.019335
0.085244,0.123847,0.036416
0.089773,0.142129,0.052463
0.095692,0.149375,0.056821
0.103016,0.156683,0.061192
0.097430,0.152177,0.053841
0.090470,0.146252,0.045406
0.092848,0.128597,0.026280
