0.000000,0.000000,0.000000
-0.005706,0.192887,0.014483
-0.004751,0.198901,0.011269
-0.008892,0.168979,0.011254
-0.006733,0.146104,0.008059
-0.003767,0.073557,0.003814
-0.017192,0.069776,-0.000429
-0.032550,0.009563,-0.001452
-0.030231,-0.022455,0.002869
-0.021809,-0.016755,0.013578
-0.003077,-0.090684,-0.003417
0.027751,-0.109616,-0.004417
-0.022837,-0.117984,0.030795
0.033143,-0.121694,-0.020310
-0.016188,-0.094775,0.048974
-0.071283,-0.524805,-0.046883
-0.038455,0.171425,-0.009592
0.124804,0.353706,-0.027692
0.164233,0.518704,0.202425
0.297276,0.234322,0.454867
0.253432,-0.076175,0.050068
0.158837,-1.007709,-0.202340
-0.272969,-0.650974,-0.232035
0.076398,0.454838,0.316477
-0.328843,0.175557,-0.071263
0.577750,0.251620,-0.095880
0.534049,-0.336261,0.047914
-0.075541,-0.074907,0.045849
-0.239698,-0.015497,-0.040422
-0.086844,0.064733,-0.014890
0.015610,-0.022150,-0.025578
-0.004212,0.052245,0.007435
-0.104397,-0.035182,-0.026632
-0.365132,-0.164550,-0.011693
-0.513588,-0.300135,-0.093857
-0.374070,-0.513382,-0.162199
-0.102086,-0.854231,-0.138910
0.400512,-0.547732,0.041130
0.378529,-0.214598,0.110441
0.145703,0.650524,0.128580
-0.231994,0.907451,-0.000209
-0.410780,0.690529,-0.105574
-0.425711,0.395862,-0.108712
-0.224220,-0.119892,-0.062915
-0.252307,-0.296875,0.027560
-0.584254,-0.531914,-0.050315
-0.574612,-0.662718,-0.223013
-0.252384,-0.754656,-0.267916
0.168212,-0.690853,-0.019795
0.427938,-0.557395,0.271912
0.442101,-0.095036,0.398693
0.052967,0.402759,0.340372
-0.454735,0.883780,0.029438
-0.949816,0.837852,-0.220814
-0.778177,0.516759,-0.339060
-0.350335,-0.088653,-0.393326
-0.068248,-0.449762,-0.185627
-0.206017,-0.450680,0.095541
-0.613153,-0.498179,-0.101595
-0.486049,-0.906481,-0.181708
-0.237510,-0.906863,-0.264018
-0.160635,-0.600272,-0.238482
0.045205,-0.450030,-0.088363
0.410243,-0.178771,0.117140
0.468678,0.401494,0.247070
0.151248,0.726649,0.171691
-0.135674,0.881290,-0.012300
-0.206192,0.312376,-0.080352
-0.174993,0.166608,0.015555
-0.291681,-0.213255,-0.012129
-0.375717,-0.048627,-0.082579
-0.212537,-0.434481,-0.107308
0.070575,-0.582645,0.072486
-0.138544,-0.613865,0.119342
-0.304419,-0.554636,0.043544
-0.238243,-0.560573,-0.057871
-0.063954,-0.678298,-0.116578
0.111373,-0.398525,-0.054698
0.046503,-0.098531,-0.120722
-0.016804,0.363845,-0.186696
-0.028495,0.420644,-0.146082
0.116052,0.516761,-0.002170
0.225934,0.481026,0.124784
0.049313,0.297575,0.197431
-0.135289,-0.073550,0.175102
-0.008263,-0.705359,0.022516
0.075782,-1.149205,-0.073608
0.007833,-1.051382,0.008184
0.080493,-0.958678,0.007784
0.377358,-0.773839,0.105248
0.487846,-0.336919,0.275648
0.114776,0.220075,0.119506
-0.256729,0.557740,-0.217919
-0.120995,0.164267,-0.252106
0.153565,-0.104163,-0.066660
0.141667,-0.505679,0.004975
0.056102,-0.567907,0.122355
-0.338980,-0.752360,-0.025578
-0.154100,-0.740833,-0.083188
-0.010164,-0.702437,-0.057587
0.067483,-0.346693,0.053155
-0.093068,-0.076801,-0.028778
-0.256864,0.125926,-0.160785
-0.061630,-0.072119,-0.205653
0.252962,-0.082188,-0.134130
0.442854,-0.142667,-0.001789
0.486959,-0.020091,0.107104
0.377301,0.087708,0.170164
0.251889,0.143941,0.185292
0.243332,0.133495,0.158891
0.370062,0.082630,0.128173
0.459766,0.155904,0.169863
0.392697,0.366001,0.191265
0.233249,0.347480,0.104977
0.252499,-0.026282,0.056916
0.395743,-0.417274,0.155766
0.314390,-0.733151,0.170392
0.191418,-0.644750,0.143519
0.105872,-0.716608,0.043087
0.130404,-0.909854,0.019421
0.125559,-0.629131,-0.025502
0.139154,-0.495738,-0.081003
0.268349,-0.589408,-0.051397
0.495835,-0.621653,-0.005775
0.637999,-0.311541,0.118637
0.507218,0.099718,0.212353
0.280770,0.629658,0.216888
0.217231,0.865764,0.136239
0.230040,0.666999,0.120605
0.078510,0.426208,0.182737
-0.188227,0.164208,0.171222
-0.264081,-0.285759,-0.020522
0.029111,-0.524289,-0.099499
-0.060265,-0.700846,-0.035852
-0.326621,-0.737523,0.077817
-0.592354,-0.922984,-0.028111
-0.389181,-1.345283,-0.110716
0.212864,-1.318793,0.096418
0.661825,-1.284637,0.279422
0.342750,-0.981562,0.067624
-0.402621,-0.056019,-0.250653
-0.530804,-0.315698,-0.441362
0.437310,-0.316186,0.150302
0.903324,-0.405249,0.408453
0.497924,0.152275,0.405927
0.117849,0.537817,0.144449
-0.276353,0.779733,-0.074435
-0.492338,0.917724,-0.138826
-0.627546,0.926739,-0.245731
-0.532151,1.013005,-0.297287
-0.256664,0.366439,-0.139255
0.183141,0.215707,0.239178
0.322934,-0.288439,0.140931
0.764825,-0.810107,-0.015968
0.669274,-1.931294,0.178970
0.284573,-1.444642,0.286792
-0.045350,-2.052372,-0.011220
0.359606,-1.557325,0.044263
0.215034,-1.228601,0.097165
-0.558578,-0.654091,-0.216852
-0.461070,-0.830004,-0.466472
0.645798,-0.490132,0.169284
0.227246,0.139298,0.391294
-0.579003,0.899595,-0.269301
-0.859911,0.964432,-0.574487
-0.151324,0.794525,-0.059337
0.375559,0.609923,0.112271
0.185181,0.604147,0.034448
-0.348268,0.210832,-0.162037
-0.431772,-0.086894,-0.251467
-0.373796,-0.019408,-0.000953
-0.579028,0.022428,-0.003147
-0.672551,-0.083335,-0.249530
-0.202026,-0.089066,-0.148610
0.170869,-0.409219,0.046773
-0.039803,-0.465211,0.213380
-0.416197,-0.417683,0.132687
-0.438378,-0.724885,-0.188683
-0.146540,-0.934347,-0.179886
0.172233,-1.222482,-0.059095
0.414732,-1.257820,0.072356
0.502694,-1.014766,0.033674
0.305219,-0.553480,0.052710
0.014356,-0.111812,0.065559
0.054688,-0.155313,0.000795
0.344093,0.112464,0.140627
0.492785,0.370818,0.198801
0.255649,0.391648,0.024944
-0.043904,0.470474,-0.080719
-0.125284,0.533927,-0.096954
0.035527,0.488438,-0.082371
0.205533,0.189615,0.009929
0.196483,0.030195,-0.013085
0.052742,-0.158891,-0.044804
0.238175,-0.255502,-0.081143
0.418529,-1.023700,-0.066594
0.647547,-0.888609,0.182470
0.447159,-0.814008,0.270374
0.164950,-0.497762,0.098473
-0.079056,-0.257905,-0.060676
-0.338603,-0.200511,-0.337630
-0.360034,0.008651,-0.521743
-0.140424,0.055008,-0.363497
0.304825,0.032967,-0.059156
0.727885,-0.026642,0.117503
0.884369,0.003818,0.233467
0.799624,0.415486,0.434716
0.549815,0.651852,0.448399
0.315260,0.675756,0.319457
0.275094,0.357505,0.057331
0.553386,0.052809,-0.090881
0.657266,-0.211005,0.081837
0.266937,-0.253428,0.241598
-0.322091,-0.046294,-0.007940
-0.213092,-0.394603,-0.355375
0.219691,-0.102401,-0.191160
0.571279,-0.052838,0.034641
0.539307,0.369003,0.152234
0.432335,0.461505,0.166656
0.216288,0.472558,0.150485
0.076896,0.522297,0.012913
0.193123,0.260636,-0.208648
0.520506,0.562208,-0.036692
0.260995,0.600018,0.109558
-0.016673,0.311490,0.028052
0.077030,0.371299,-0.071705
0.468106,0.128570,-0.011857
0.327347,0.480504,0.228376
-0.048541,0.019221,0.101000
-0.050714,0.027221,0.095710
-0.118734,0.115903,-0.070143
-0.157236,0.134227,-0.075410
-0.348073,0.072533,-0.030790
-0.391790,-0.102998,-0.157318
-0.110086,-0.683883,-0.085951
-0.158481,-0.629167,0.020132
-0.189667,-0.632666,-0.023644
0.126863,-0.520790,0.072503
0.389571,-0.342450,0.156147
0.535190,0.235211,0.261627
0.324143,0.576482,0.167979
0.063899,0.985011,0.005457
-0.031656,0.775259,-0.080392
0.004858,0.751897,0.057636
-0.141500,0.737601,0.123735
-0.086868,0.949955,0.019449
0.165681,0.266073,-0.036081
0.372796,-0.189971,0.217574
0.236788,-0.958907,0.055262
-0.106399,-0.761179,-0.224967
0.378617,-1.201841,-0.170214
0.533879,-1.038350,0.009522
0.144536,-0.648139,0.016788
-0.137312,-0.415151,-0.068090
0.165494,-0.422205,0.136849
0.528275,-0.329385,0.398731
0.438415,0.093135,0.308355
0.013871,0.453841,0.095702
-0.469191,0.726358,-0.189447
-0.794041,0.564910,-0.329674
-0.673136,0.373162,-0.305073
-0.371725,-0.035522,-0.316739
0.307393,-0.692904,0.191674
-0.344628,-0.459336,-0.138920
-0.444090,-0.453538,-0.123855
-0.595369,-1.198096,-0.396479
-0.360643,-1.035351,-0.242110
-0.271928,-1.313405,-0.189992
-0.010573,-1.493513,-0.000337
0.370698,-1.406427,0.290596
0.183513,-0.786542,0.374806
-0.475950,0.062308,-0.010351
-0.449989,-0.223982,-0.372782
0.393190,-0.226966,0.143653
0.632326,-0.235581,0.223290
0.667093,0.228516,0.400871
0.330348,0.690946,0.430663
-0.116626,0.755510,0.220023
-0.410610,0.505877,0.094138
-0.453901,0.046231,-0.006853
-0.109062,-0.328771,-0.159454
0.514362,-0.492986,0.009337
0.387567,-0.814676,0.276222
-0.121114,-0.691579,0.220461
-0.370316,-0.965642,-0.038024
-0.337023,-1.110460,-0.146600
-0.089791,-1.553917,-0.175402
0.284696,-1.596963,-0.081441
0.313918,-1.409958,-0.004398
-0.093280,-0.557981,-0.058291
-0.289068,-0.516896,-0.130383
0.273539,-0.305831,0.041798
0.168165,-0.181451,0.132616
-0.322707,0.259608,-0.098388
-0.475162,0.814485,-0.268960
-0.405975,0.726953,-0.239107
-0.293216,0.477027,-0.092043
-0.139056,0.537944,-0.005663
-0.324117,0.449763,-0.048493
-0.638316,0.439255,-0.170553
-0.225016,-0.269594,-0.092773
-0.160046,-0.726322,-0.078257
0.069728,-0.997555,-0.143214
0.290937,-1.291737,-0.125297
0.518522,-1.454366,-0.061710
0.305380,-1.333789,-0.088121
-0.100925,-0.880803,-0.127334
0.042740,-0.882934,-0.160363
0.642739,-0.952095,0.268990
0.797055,-0.716833,0.446946
0.293812,-0.128972,0.296444
-0.295901,0.066324,-0.136928
-0.109980,-0.300883,-0.168140
0.276776,-0.168515,0.003950
0.435169,-0.252693,0.203741
0.481970,-0.162740,0.359686
0.413066,-0.140935,0.265432
0.354936,-0.285427,0.183944
0.247666,-0.272195,0.167281
0.136030,-0.347879,0.058978
0.071913,-0.258082,0.020881
-0.106569,-0.171367,-0.000269
-0.267637,-0.096954,-0.109991
-0.419021,-0.161655,-0.182665
-0.513619,-0.392818,-0.237011
-0.433554,-0.514364,-0.227277
-0.170988,-1.026001,-0.303031
0.222552,-1.085781,-0.136043
0.353123,-1.084954,0.040705
0.498442,-0.682937,0.166708
0.560857,-0.360529,0.291696
0.467997,0.492064,0.381925
0.063598,0.666103,0.175206
-0.292106,0.730415,-0.036762
-0.372077,0.589181,-0.087870
-0.528069,0.489352,-0.079387
-0.625656,0.379402,-0.168105
-0.332531,0.255322,-0.239974
-0.107782,-0.259035,-0.023653
0.239684,-0.146040,0.335873
0.001872,-0.358162,0.117621
0.192066,-0.881943,-0.137081
0.576203,-1.378997,-0.029003
0.644546,-1.485862,0.236821
0.301447,-1.121543,0.304760
-0.221282,-0.874200,0.074932
-0.509378,-0.867269,-0.192245
-0.045578,-1.302138,-0.117979
0.539578,-0.917452,0.096594
0.473108,-0.462204,0.270985
-0.171692,0.026218,0.113090
-0.531727,0.089471,-0.228476
-0.266497,-0.333762,-0.310256
0.181471,-0.356447,-0.082698
0.474012,-0.306184,0.057361
0.644975,-0.081373,0.115297
0.744220,0.096365,0.187349
0.710669,0.220132,0.262789
0.592237,0.237034,0.233825
0.337380,0.246293,0.259242
0.006255,0.155259,0.284442
-0.214381,-0.047208,0.127029
-0.101807,-0.433442,-0.114953
0.253732,-0.824076,-0.049496
0.168329,-1.065163,0.046629
-0.016359,-1.127526,0.096926
-0.286360,-1.007356,0.109907
-0.379581,-1.229364,-0.019925
-0.207791,-1.229048,-0.016634
0.011871,-1.154654,0.156442
-0.099602,-0.819965,-0.004585
-0.442709,-0.183732,-0.284565
-0.570144,0.008664,-0.334303
0.008967,0.189069,0.034610
0.418138,0.281613,0.277386
0.355039,0.397691,0.303411
0.378732,0.071324,0.169337
0.615064,0.024445,0.253634
0.723272,-0.220503,0.270789
0.639541,0.079466,0.213204
0.615642,-0.248451,0.170220
0.558166,-0.330607,0.133541
0.521052,-0.762728,0.099816
0.616517,-0.522970,0.219642
0.526020,-0.313965,0.253036
0.455056,-0.253823,0.229151
0.338380,0.083793,0.157292
0.292987,0.384200,0.099508
0.405868,0.664584,0.095311
0.545834,0.831888,0.091153
0.672548,0.808062,0.127715
0.646555,0.668276,0.305404
0.488134,0.556354,0.324131
0.470771,0.030285,0.036904
0.282298,-0.971836,-0.208458
0.168846,-1.237278,0.041789
-0.472859,-0.852358,0.009275
-0.482626,-0.768211,-0.221472
-0.070267,-0.835447,-0.290880
0.479720,-0.795852,-0.158444
0.645869,-0.652390,0.002927
0.488002,-0.227516,0.107387
0.261017,0.678317,0.121679
0.353745,0.851352,0.091024
0.458178,0.847368,0.181062
0.428604,0.834749,0.276694
0.199858,0.875152,0.317205
0.011991,0.608327,0.162817
0.002990,0.489537,-0.105765
0.091061,-0.025365,-0.062403
-0.303673,-0.183353,0.143403
-0.716522,-0.181863,-0.120927
-0.122578,-0.474625,-0.391382
0.287844,-0.749583,-0.152067
0.260253,-0.955445,0.217833
-0.106448,-0.623341,0.210708
-0.278356,-0.592384,-0.065560
-0.367749,-0.458728,-0.285028
-0.426237,-0.731536,-0.439302
-0.185052,-0.768317,-0.360876
0.216163,-0.898039,-0.157576
0.672045,-0.772897,0.154600
1.050204,-0.492086,0.430866
0.982971,-0.037644,0.385832
0.068951,0.900422,0.022461
-0.203447,1.148897,-0.214412
-0.130548,1.066756,-0.304336
-0.063944,0.837190,-0.078521
-0.179726,0.991201,-0.040259
-0.605360,1.031475,-0.230204
-0.532311,0.900080,-0.083058
-0.272632,0.874165,0.028468
0.148943,0.490404,-0.033444
0.839321,-0.578625,0.050641
0.714950,-1.034705,0.258504
0.119095,-1.257808,-0.024063
-0.071401,-1.293527,-0.280084
0.567377,-1.156242,-0.029871
0.989762,-1.020240,0.281199
0.954066,-0.090890,0.476804
0.394449,0.575937,0.153112
0.185052,0.699477,-0.054841
0.149710,0.416615,-0.041041
0.257224,0.577964,0.066718
-0.292492,0.358532,-0.036107
-0.653538,0.310040,-0.165382
-0.486185,0.254697,-0.322749
-0.037121,0.248178,-0.223446
-0.299033,0.227466,0.042737
-0.461399,0.355992,0.072418
-0.395181,0.284349,-0.073918
-0.001894,0.152776,-0.002207
0.242587,0.111959,0.115163
0.146287,-0.093063,0.039984
0.252941,-0.446515,0.062948
0.340865,-0.795261,0.098412
0.257922,-0.858470,0.119283
-0.040931,-0.604739,0.083760
-0.359452,-0.665078,-0.067565
-0.401775,-0.696579,-0.147441
-0.219378,-1.014262,-0.227241
0.096870,-1.026243,-0.182938
0.159466,-0.772340,-0.162648
0.067205,-0.108384,-0.063137
0.001655,0.250754,-0.027318
0.036812,0.688512,-0.026427
0.072846,0.594936,-0.083907
0.216348,0.566780,-0.052746
0.280184,0.500851,0.042380
0.062624,0.422508,0.166886
-0.244025,0.703971,0.212348
-0.372280,0.422366,-0.049273
0.207061,0.233052,-0.102159
0.451867,-0.085935,0.112244
0.025715,-0.516156,0.186826
0.147329,-1.151025,-0.108635
0.278271,-1.611543,-0.280550
0.340822,-1.077869,0.010035
-0.025402,-0.753476,0.018535
-0.235970,-0.418675,-0.039551
0.129885,-0.389895,0.091065
0.539656,-0.448100,0.164276
0.374679,-0.097277,0.061061
-0.164255,0.078223,-0.129199
-0.312679,0.437678,-0.290571
-0.307538,0.206193,-0.399541
-0.127327,0.514266,-0.160128
-0.072083,0.102833,-0.112592
-0.132600,0.139082,0.079983
-0.369338,0.117758,0.107970
-0.592817,0.175657,-0.094202
-0.405742,-0.239134,-0.316167
-0.148303,-0.560711,-0.320702
0.045761,-0.645000,-0.108278
-0.066893,-0.495276,0.042518
-0.556738,-0.306545,-0.062308
-0.797027,-0.319658,-0.254335
-0.586787,-0.349536,-0.167392
-0.260528,-0.476248,-0.120623
0.177322,-0.578829,0.120958
0.506062,-0.780513,0.204159
0.624774,-0.700418,0.327999
0.450820,0.130070,0.320040
0.070561,0.559385,-0.086192
-0.332193,0.581569,-0.086225
-0.376927,0.784653,-0.214072
-0.269424,0.307752,-0.489016
0.011281,0.477106,-0.211035
0.219720,0.093074,0.028982
0.213205,-0.060314,0.170778
0.208882,-0.197748,0.156564
0.386024,-1.065082,-0.209458
0.871183,-1.014079,0.027409
0.964996,-1.148378,0.307729
0.642755,-0.720192,0.492492
0.251159,-0.303741,0.242816
-0.145393,0.309454,-0.116076
-0.428052,0.255731,-0.354462
-0.288001,0.222389,-0.244048
-0.182928,0.112196,-0.114475
-0.148562,0.248209,0.008936
-0.281102,0.549146,0.048067
-0.572499,0.754516,-0.091675
-0.569327,0.604602,-0.269119
-0.294698,0.220513,-0.334912
0.156470,0.124785,-0.052498
0.148881,-0.472335,0.088692
0.152820,-0.593101,0.014616
0.231716,-0.937055,-0.249548
0.604601,-1.156190,-0.123886
0.658418,-1.373248,0.044469
0.517965,-0.702016,0.116272
0.308189,-0.130324,0.051070
0.148453,0.578709,0.090644
0.044061,0.500450,0.123197
0.008063,0.824011,0.211618
-0.112942,0.629898,0.167763
-0.192083,0.456208,0.083593
-0.041520,0.105895,-0.005136
0.063656,0.013301,0.003839
-0.058472,-0.105761,0.096648
-0.233866,0.282560,0.071767
-0.523964,-0.465169,-0.184450
-0.354961,-0.681884,-0.136283
-0.428663,-0.826372,-0.165209
-0.595914,-0.525141,-0.237636
-0.530229,-0.695156,-0.347400
-0.097336,-1.012432,-0.267615
0.330090,-1.327664,-0.095094
0.796402,-1.411811,0.183136
1.038987,-0.700517,0.475669
0.656193,-0.497579,0.257532
-0.213256,0.347204,-0.210660
-0.142691,0.127172,-0.273116
0.278702,0.169862,-0.139214
0.571337,-0.157901,-0.027437
0.678152,-0.001436,0.166365
0.522884,-0.055598,0.262198
0.374201,0.317225,0.299379
0.275145,0.179828,0.269378
0.184775,0.224736,0.197932
0.023303,-0.024494,-0.033481
0.270621,-0.259579,-0.084147
0.499790,-0.348536,-0.063480
0.454554,-0.142564,0.102873
0.194063,0.022377,0.171337
0.048978,-0.052451,0.129921
0.036071,-0.064408,0.052459
0.411588,-0.144282,0.089410
0.739209,-0.160377,0.175230
0.726028,0.028665,0.329699
0.572142,0.743577,0.290303
0.470419,0.715071,0.152857
0.599171,1.048890,0.177234
0.717590,0.753665,0.149574
0.684494,0.639542,0.220578
0.438599,0.595211,0.201329
-0.376351,0.459822,-0.203492
-0.427642,0.644187,-0.205095
-0.424906,0.856763,0.076033
0.031429,0.958266,0.154160
0.200253,0.853294,-0.040721
0.772296,-0.474201,0.084056
0.626584,-0.977665,0.180072
-0.240723,-1.317501,-0.215788
-0.225818,-1.240870,-0.258022
0.032973,-1.001019,-0.162163
0.184909,-1.293563,-0.030911
0.444108,-0.557336,0.189388
0.224645,-0.027388,0.155637
0.079825,0.714680,0.173857
0.306376,0.656727,0.189431
0.343686,0.806085,0.180880
0.297839,0.934773,0.150065
0.153932,0.873069,0.146354
0.145303,0.993530,0.095634
0.390939,0.471980,-0.143833
0.943794,0.390497,0.205525
0.282687,-0.018646,0.290871
-0.147062,-0.185134,-0.049475
-0.408302,-0.301420,-0.413582
-0.108250,-0.285908,-0.125793
-0.496879,-0.278134,0.021931
-0.750059,-0.355893,-0.152035
-0.779074,-0.301028,-0.384059
-0.271597,-0.496942,-0.360453
0.177293,-0.811553,-0.208086
0.434415,-0.886507,-0.013010
0.488545,-0.593712,0.121615
0.411614,0.062245,0.165949
0.114209,0.500597,0.129553
-0.208509,0.799922,0.021024
-0.352673,0.674648,-0.096927
-0.302221,0.504683,-0.125139
-0.222667,0.320033,-0.092710
-0.194704,-0.009333,-0.034843
-0.101141,0.138913,0.118568
-0.365841,0.100301,-0.051357
-0.261609,-0.006218,-0.135183
0.196186,-0.405413,-0.012732
0.211344,-0.638047,0.152057
-0.088536,-0.956147,0.213201
-0.380883,-0.957261,0.084657
-0.500682,-1.289881,-0.104612
-0.168546,-1.522306,-0.081213
0.083606,-1.841909,-0.094980
0.034822,-1.633133,-0.097791
-0.497698,-1.475238,-0.242131
-0.277336,-0.816524,-0.233227
0.444071,-1.239538,0.077688
0.413446,-0.606712,0.198454
-0.178701,0.209925,-0.201960
-0.365918,0.248700,-0.138508
0.647317,-0.414811,0.226891
0.787355,0.481739,0.312042
0.388442,0.800396,0.211141
0.092206,0.748982,0.147975
0.051129,0.898352,-0.083472
0.121184,0.915504,-0.168874
0.538844,0.590754,0.053125
0.846491,-0.117694,0.216053
0.806037,-0.005714,0.294706
0.309524,-0.819707,-0.019896
-0.206942,-1.212699,-0.161720
-0.178549,-0.966132,-0.030804
-0.485023,-1.190048,-0.176253
-0.481433,-1.359482,-0.232438
-0.055669,-1.280775,-0.062434
0.394127,-1.207194,0.148534
0.211663,-0.534951,0.252503
-0.308868,0.056364,0.009615
-0.449093,-0.017093,-0.239761
-0.089487,-0.281403,-0.180630
0.054788,-0.322186,0.006741
0.149081,0.058000,0.055747
-0.010124,0.243825,-0.039104
-0.242948,0.425601,-0.089961
-0.157891,0.833216,-0.165374
0.017297,0.450200,-0.303956
0.177942,0.459735,-0.034545
0.186993,0.098373,0.094689
0.040318,0.046084,0.038444
0.156086,-0.421803,-0.014358
0.387464,-0.816172,-0.173751
0.823396,-0.802057,0.032842
0.941629,-1.171986,0.151069
0.579686,-0.667174,0.279205
0.126510,-0.283760,0.069876
-0.303485,0.154871,-0.182906
-0.355817,0.178856,-0.177527
-0.090354,-0.062978,0.037837
-0.093277,-0.164478,0.063518
-0.411709,-0.254208,0.060496
-0.438055,-0.161759,0.019008
-0.224416,-0.473930,-0.043770
0.170331,-0.365065,-0.061812
0.422593,-0.535012,0.078816
0.623773,-0.435560,0.273887
0.620328,-0.313536,0.292288
0.630001,0.061628,0.287463
0.412296,0.388681,0.192137
0.144960,0.762889,0.012952
0.011788,0.720563,-0.103450
0.042982,0.413688,-0.094303
0.348669,-0.144299,-0.032446
0.647360,-0.506579,0.153931
0.529580,-0.539736,0.137497
0.571251,-0.813819,0.092860
0.890456,-0.796399,0.201624
0.963748,-0.709682,0.253033
0.786138,-0.366943,0.298351
0.224610,-0.061963,0.075726
-0.153885,0.426652,-0.061256
-0.205423,0.176923,-0.164222
-0.331537,0.268143,-0.066545
-0.518748,0.185461,-0.078820
-0.786909,0.130652,-0.259404
-0.623483,-0.132001,-0.369959
-0.129983,-0.144982,-0.335681
0.058921,-0.238132,-0.214398
-0.158775,-0.253166,-0.000740
-0.541636,-0.343831,-0.075931
-0.624079,-0.451384,-0.260859
-0.406456,-0.576805,-0.285852
-0.060530,-0.555101,-0.211487
0.194860,-0.740540,0.001418
0.157238,-0.633136,0.088842
0.033104,-0.026547,0.000835
-0.117214,0.452124,-0.001680
-0.234835,0.721719,-0.022152
-0.182834,0.731585,-0.105111
0.001693,0.536718,-0.090198
0.153845,0.327835,0.030071
-0.005088,0.247839,0.088119
-0.350525,0.175754,0.131974
-0.613188,0.178202,-0.100628
-0.223778,-0.207818,-0.365242
0.405208,-0.306654,-0.188069
0.360359,-0.741092,0.039826
0.044586,-0.703024,0.085421
-0.193870,-0.863765,-0.052324
-0.144766,-0.668877,-0.207876
-0.256165,-0.761959,-0.411199
-0.289937,-0.584613,-0.389333
-0.062390,-0.801346,-0.242639
0.432394,-0.715519,0.042816
0.809216,-0.420387,0.322348
0.852670,0.101699,0.388227
0.534522,0.737546,0.193542
0.094269,0.569256,0.024484
0.118513,0.711170,-0.104831
-0.103621,0.717535,-0.050233
-0.332098,0.865694,0.085277
-0.411640,0.679314,-0.007664
-0.000537,0.290010,-0.141586
0.868285,-0.104851,0.112800
0.712939,-0.802717,0.289438
